Species_TTOL	AMY	rest_of_brain	rest_of_brain2	BOD
Anourosorex_squamipes	1.186	3.0789623596587	9.48000921219507	1.307
Atelerix_algirus	2.014	3.0789623596587	9.48000921219507	2.867
Blarina_brevicauda	1.039	3.0789623596587	9.48000921219507	1.267
Chrysochloris_asiatica	1.302	3.0789623596587	9.48000921219507	1.69
Chrysochloris_stuhlmanni	1.365	3.0789623596587	9.48000921219507	1.626
Crocidura_attenuata	0.823	3.0789623596587	9.48000921219507	0.968
Crocidura_flavescens	1.101	3.0789623596587	9.48000921219507	1.467
Crocidura_hildegardeae	0.838	3.0789623596587	9.48000921219507	0.996
Crocidura_denti	0.882	3.0789623596587	9.48000921219507	1.079
Crocidura_russula	0.823	3.0789623596587	9.48000921219507	1.049
Crocidura_suaveolens	0.774	3.0789623596587	9.48000921219507	1.013
Cryptotis_parvus	0.959	3.0789623596587	9.48000921219507	0.991226075692495
Desmana_moschata	1.958	3.0789623596587	9.48000921219507	2.646
Echinops_telfairi	1.352	3.0789623596587	9.48000921219507	1.942
Echinosorex_gymnura	2.231	3.0789623596587	9.48000921219507	2.921
Erinaceus_europaeus	2.036	3.0789623596587	9.48000921219507	2.929
Euroscaptor_micrura	1.356	3.0789623596587	9.48000921219507	1.617
Galemys_pyrenaicus	1.561	3.0789623596587	9.48000921219507	1.778
Geogale_aurita	0.615	3.0789623596587	9.48000921219507	1
Hemicentetes_semispinosus	1.313	3.0789623596587	9.48000921219507	2.062
Hemiechinus_auritus	1.852	3.0789623596587	9.48000921219507	2.371
Hylomys_suillus	1.573	3.0789623596587	9.48000921219507	1.756
Limnogale_mergulus	1.428	3.0789623596587	9.48000921219507	1.964
Microgale_dobsoni	1.228	3.0789623596587	9.48000921219507	1.504
Microgale_talazaci	1.388	3.0789623596587	9.48000921219507	1.683
Micropotamogale_lamottei	1.28	3.0789623596587	9.48000921219507	1.808
Micropotamogale_ruwenzorii	1.344	3.0789623596587	9.48000921219507	1.986
Myosorex_sclateri	1.082	3.0789623596587	9.48000921219507	1.23
Neomys_anomalus	0.913	3.0789623596587	9.48000921219507	1.037
Neomys_fodiens	0.934	3.0789623596587	9.48000921219507	1.182
Oryzorictes_hova	1.317	3.0789623596587	9.48000921219507	1.645
Parascalops_breweri	1.354	3.0789623596587	9.48000921219507	1.731
Potamogale_velox	1.794	3.0789623596587	9.48000921219507	2.791
Ruwenzorisorex_suncoides	1.011	3.0789623596587	9.48000921219507	1.262
Scalopus_aquaticus	1.49	3.0789623596587	9.48000921219507	2.061
Scutisorex_somereni	1.252	3.0789623596587	9.48000921219507	1.792
Setifer_setosus	1.83	3.0789623596587	9.48000921219507	2.373
Solenodon_paradoxus	2.131	3.0789623596587	9.48000921219507	2.826
Sorex_alpinus	0.906	3.0789623596587	9.48000921219507	1.033
Sorex_araneus	0.886	3.0789623596587	9.48000921219507	0.987
Sorex_cinereus	0.689	3.0789623596587	9.48000921219507	0.633
Sorex_fumeus	0.871	3.0789623596587	9.48000921219507	0.924
Sorex_hoyi	0.516	3.0789623596587	9.48000921219507	0.42
Sorex_minutus	0.539	3.0789623596587	9.48000921219507	0.633
Suncus_etruscus	0.238	3.0789623596587	9.48000921219507	0.762
Suncus_murinus	1.045	3.0789623596587	9.48000921219507	1.529
Sylvisorex_granti	0.704	3.0789623596587	9.48000921219507	0.591
Suncus_megalura	0.747	3.0789623596587	9.48000921219507	0.74
Talpa_europaea	1.422	3.0789623596587	9.48000921219507	1.908
Tenrec_ecaudatus	1.948	3.0789623596587	9.48000921219507	2.935
Aepyprymnus_rufescens	2.3126	3.0789623596587	9.48000921219507	3.392697
Antechinus_flavipes	1.356026	3.0789623596587	9.48000921219507	1.568202
Antechinus_minimus	1.390935	3.0789623596587	9.48000921219507	1.724276
Bettongia_gaimardi	2.304275	3.0789623596587	9.48000921219507	3.176091
Bettongia_penicillata	2.255273	3.0789623596587	9.48000921219507	3.079181
Burramys_parvus	1.342423	3.0789623596587	9.48000921219507	1.770852
Cercartetus_nanus	1.164353	3.0789623596587	9.48000921219507	1.278754
Dactylopsila_trivirgata	2.009876	3.0789623596587	9.48000921219507	2.643453
Dasycercus_cristicauda	1.640481	3.0789623596587	9.48000921219507	2
Dasyuroides_byrnei	1.661813	3.0789623596587	9.48000921219507	2.146128
Dasyurus_geoffroii	2.112605	3.0789623596587	9.48000921219507	2.69897
Dasyurus_hallucatus	1.926342	3.0789623596587	9.48000921219507	3.021189
Dendrolagus_lumholtzi	2.472756	3.0789623596587	9.48000921219507	3.78533
Distoechurus_pennatus	1.534026	3.0789623596587	9.48000921219507	1.633468
Dorcopsis	2.465532	3.0789623596587	9.48000921219507	3.462398
Echymipera_kalubu	1.943495	3.0789623596587	9.48000921219507	2.819544
Gymnobelideus_leadbeateri	1.692847	3.0789623596587	9.48000921219507	2.041393
Hypsiprymnodon_moschatus	2.168203	3.0789623596587	9.48000921219507	2.748188
Isoodon_macrourus	1.993877	3.0789623596587	9.48000921219507	3.033424
Isoodon_obesulus_obesulus	1.980458	3.0789623596587	9.48000921219507	3.004321
Osphranter_antilopinus	2.838471	3.0789623596587	9.48000921219507	4.537819
Macropus_giganteus	2.910358	3.0789623596587	9.48000921219507	4.563481
Notamacropus_irma	2.563125	3.0789623596587	9.48000921219507	3.819544
Notamacropus_parma	2.398287	3.0789623596587	9.48000921219507	3.536558
Notamacropus_parryi	2.270077	3.0789623596587	9.48000921219507	4.170262
Osphranter_robustus	2.816705	3.0789623596587	9.48000921219507	4.409933
Osphranter_rufus	2.804889	3.0789623596587	9.48000921219507	4.494155
Thylamys_pallidior	1.356026	3.0789623596587	9.48000921219507	1.477121
Marmosops_impavidus	1.703291	3.0789623596587	9.48000921219507	1.845098
Monodelphis_brevicaudata	1.625312	3.0789623596587	9.48000921219507	1.924279
Notoryctes_typhlops	1.462398	3.0789623596587	9.48000921219507	1.531479
Petauroides_volans	1.920645	3.0789623596587	9.48000921219507	3.09691
Petaurus_australis	2.100371	3.0789623596587	9.48000921219507	2.748188
Petaurus_breviceps	1.752048	3.0789623596587	9.48000921219507	2.113943
Petaurus_norfolcensis	1.860937	3.0789623596587	9.48000921219507	2.374748
Petrogale_inornata	2.410271	3.0789623596587	9.48000921219507	3.628389
Petrogale_lateralis	2.374015	3.0789623596587	9.48000921219507	3.556303
Petrogale_penicillata	2.140271	3.0789623596587	9.48000921219507	3.690196
Petrogale_purpureicollis	2.436322	3.0789623596587	9.48000921219507	3.740363
Petropseudes_dahli	2.053463	3.0789623596587	9.48000921219507	3.127105
Phascolarctos_cinereus	2.402433	3.0789623596587	9.48000921219507	3.968483
Planigale_ingrami	0.447158	3.0789623596587	9.48000921219507	0.826075
Planigale_maculata	0.883093	3.0789623596587	9.48000921219507	1.041393
Potorous_tridactylus_tridactylus	2.277151	3.0789623596587	9.48000921219507	3.089905
Pseudochirulus_canescens	1.706718	3.0789623596587	9.48000921219507	2.447158
Pseudochirulus_forbesi	1.806858	3.0789623596587	9.48000921219507	2.70757
Sarcophilus_harrisii	2.576226	3.0789623596587	9.48000921219507	3.732394
Sminthopsis_crassicaudata	1.071882	3.0789623596587	9.48000921219507	1.146128
Sminthopsis_leucopus	1.176091	3.0789623596587	9.48000921219507	1.361728
Phalanger_gymnotis	2.346744	3.0789623596587	9.48000921219507	3.451786
Thylacinus_cynocephalus	2.860338	3.0789623596587	9.48000921219507	4.342423
Thylogale_billardierii	2.516932	3.0789623596587	9.48000921219507	3.845098
Thylogale_stigmatica	2.516006	3.0789623596587	9.48000921219507	3.653213
Trichosurus_vulpecula	2.369401	3.0789623596587	9.48000921219507	3.30103
Vombatus_ursinus	2.702603	3.0789623596587	9.48000921219507	4.357935
Wallabia_bicolor	2.656194	3.0789623596587	9.48000921219507	4.198657
Balionycteris_maculata	1.114	3.0789623596587	9.48000921219507	1.158
Casinycteris_argynnis	1.238	3.0789623596587	9.48000921219507	1.428
Chironax_melanocephalus	1.17	3.0789623596587	9.48000921219507	1.248
Cynopterus_brachyotis	1.391	3.0789623596587	9.48000921219507	1.53
Cynopterus_horsfieldii	1.462	3.0789623596587	9.48000921219507	1.773
Cynopterus_sphinx	1.435	3.0789623596587	9.48000921219507	1.713
Dobsonia_inermis	1.833	3.0789623596587	9.48000921219507	2.173
Dobsonia_moluccensis	1.988	3.0789623596587	9.48000921219507	2.543
Dobsonia_praedatrix	1.838	3.0789623596587	9.48000921219507	2.25
Eidolon_helvum	1.997	3.0789623596587	9.48000921219507	2.418
Eonycteris_spelaea	1.512	3.0789623596587	9.48000921219507	1.769
Epomophorus_labiatus	1.571	3.0789623596587	9.48000921219507	1.806
Epomops_franqueti	1.667	3.0789623596587	9.48000921219507	2.072
Hypsignathus_monstrosus	1.755	3.0789623596587	9.48000921219507	2.491
Macroglossus_minimus	1.114	3.0789623596587	9.48000921219507	1.164
Megaerops_ecaudatus	1.243	3.0789623596587	9.48000921219507	1.38
Megaloglossus_woermanni	1.193	3.0789623596587	9.48000921219507	1.253
Melonycteris_melanops	1.528	3.0789623596587	9.48000921219507	1.675
Melonycteris_woodfordi	1.365	3.0789623596587	9.48000921219507	1.549
Epomophorus_pusillus	1.365	3.0789623596587	9.48000921219507	1.4
Myonycteris_torquata	1.391	3.0789623596587	9.48000921219507	1.561
Notopteris_macdonaldi	1.595	3.0789623596587	9.48000921219507	1.841
Nyctimene_albiventer	1.342	3.0789623596587	9.48000921219507	1.473
Nyctimene_robinsoni	1.522	3.0789623596587	9.48000921219507	1.673
Nyctimene_vizcaccia	1.428	3.0789623596587	9.48000921219507	1.549
Paranyctimene_raptor	1.25	3.0789623596587	9.48000921219507	1.417
Pteropus_alecto	2.064	3.0789623596587	9.48000921219507	2.775
Pteropus_conspicillatus	2.151	3.0789623596587	9.48000921219507	2.875
Pteropus_hypomelanus	1.999	3.0789623596587	9.48000921219507	2.591
Pteropus_lylei	2.009	3.0789623596587	9.48000921219507	2.497
Pteropus_neohibernicus	2.145	3.0789623596587	9.48000921219507	2.924
Pteropus_poliocephalus	2.06	3.0789623596587	9.48000921219507	2.842
Pteropus_samoensis	1.968	3.0789623596587	9.48000921219507	2.491
Pteropus_scapulatus	1.938	3.0789623596587	9.48000921219507	2.574
Pteropus_temminckii	1.968	3.0789623596587	9.48000921219507	2.398
Pteropus_tonganus	2.035	3.0789623596587	9.48000921219507	2.652
Pteropus_vampyrus	2.145	3.0789623596587	9.48000921219507	3.027
Rousettus_aegyptiacus	1.706	3.0789623596587	9.48000921219507	2.111
Rousettus_amplexicaudatus	1.602	3.0789623596587	9.48000921219507	1.856
Scotonycteris_zenkeri	1.225	3.0789623596587	9.48000921219507	1.328
Sphaerias_blanfordi	1.294	3.0789623596587	9.48000921219507	1.47
Syconycteris_australis	1.149	3.0789623596587	9.48000921219507	1.207
Anoura_caudifer	1.021	3.0789623596587	9.48000921219507	1.025
Anoura_geoffroyi	1.22	3.0789623596587	9.48000921219507	1.204
Ardops_nichollsi	1.27	3.0789623596587	9.48000921219507	1.352
Artibeus_cinereus	1.068	3.0789623596587	9.48000921219507	1.1
Artibeus_concolor	1.283	3.0789623596587	9.48000921219507	1.288
Artibeus_jamaicensis	1.436	3.0789623596587	9.48000921219507	1.613
Artibeus_lituratus	1.542	3.0789623596587	9.48000921219507	1.748
Aselliscus_stoliczkanus	0.705	3.0789623596587	9.48000921219507	0.69
Aselliscus_tricuspidatus	0.742	3.0789623596587	9.48000921219507	0.643
Brachyphylla_cavernarum	1.529	3.0789623596587	9.48000921219507	1.648
Cardioderma_cor	1.382	3.0789623596587	9.48000921219507	1.415
Carollia_perspicillata	1.207	3.0789623596587	9.48000921219507	1.25
Chalinolobus_gouldii	1.041	3.0789623596587	9.48000921219507	1.068
Chalinolobus_morio	0.805	3.0789623596587	9.48000921219507	0.919
Chiroderma_salvini	1.382	3.0789623596587	9.48000921219507	1.417
Chiroderma_trinitatum	1.201	3.0789623596587	9.48000921219507	1.137
Chiroderma_villosum	1.314	3.0789623596587	9.48000921219507	1.394
Choeroniscus_minor	1.057	3.0789623596587	9.48000921219507	0.982
Coleura_afra	1.14	3.0789623596587	9.48000921219507	1.061
Cormura_brevirostris	1.111	3.0789623596587	9.48000921219507	0.914
Craseonycteris_thonglongyai	0.637	3.0789623596587	9.48000921219507	0.408
Desmodus_rotundus	1.483	3.0789623596587	9.48000921219507	1.56
Diphylla_ecaudata	1.334	3.0789623596587	9.48000921219507	1.49
Emballonura_monticola	0.981	3.0789623596587	9.48000921219507	0.724
Emballonura_raffrayana	0.908	3.0789623596587	9.48000921219507	0.771
Eptesicus_brasiliensis	1.004	3.0789623596587	9.48000921219507	0.964
Eptesicus_fuscus_bahamensis	0.966	3.0789623596587	9.48000921219507	1.134
Eumops_auripendulus	1.441	3.0789623596587	9.48000921219507	1.529
Eumops_glaucinus	1.398	3.0789623596587	9.48000921219507	1.562
Furipterus_horrens	0.667	3.0789623596587	9.48000921219507	0.535
Glischropus_tylopus	0.733	3.0789623596587	9.48000921219507	0.69
Glossophaga_longirostris	1.097	3.0789623596587	9.48000921219507	1.053
Glossophaga_soricina	1.079	3.0789623596587	9.48000921219507	0.996
Harpiocephalus_harpia	1.241	3.0789623596587	9.48000921219507	1.13
Hesperoptenus_blanfordi	0.938	3.0789623596587	9.48000921219507	0.863
Hipposideros_armiger	1.491	3.0789623596587	9.48000921219507	1.748
Hipposideros_ater	0.888	3.0789623596587	9.48000921219507	0.839
Hipposideros_caffer	1.064	3.0789623596587	9.48000921219507	1.041
Macronycteris_commersoni	1.439	3.0789623596587	9.48000921219507	1.997
Hipposideros_diadema	1.481	3.0789623596587	9.48000921219507	1.622
Hipposideros_fulvus	0.987	3.0789623596587	9.48000921219507	0.845
Hipposideros_lankadiva	1.444	3.0789623596587	9.48000921219507	1.686
Hipposideros_larvatus	1.272	3.0789623596587	9.48000921219507	1.312
Hipposideros_ridleyi	1.017	3.0789623596587	9.48000921219507	0.982
Hipposideros_speoris	1.076	3.0789623596587	9.48000921219507	1.061
Hipposideros_turpis	1.34	3.0789623596587	9.48000921219507	1.542
Ia_io	1.567	3.0789623596587	9.48000921219507	1.727
Kerivoula_papillosa	1.017	3.0789623596587	9.48000921219507	1.004
Lasiurus_borealis	0.797	3.0789623596587	9.48000921219507	0.892
Leptonycteris_curasoae	1.233	3.0789623596587	9.48000921219507	1.389
Leptonycteris_nivalis	1.258	3.0789623596587	9.48000921219507	1.358
Lonchophylla_mordax	1.114	3.0789623596587	9.48000921219507	1.029
Hsunycteris_thomasi	1.021	3.0789623596587	9.48000921219507	0.839
Lophostoma_silvicolum	1.326	3.0789623596587	9.48000921219507	1.509
Macroderma_gigas	1.702	3.0789623596587	9.48000921219507	2.078
Macrophyllum_macrophyllum	1.021	3.0789623596587	9.48000921219507	0.934
Megaderma_lyra	1.49	3.0789623596587	9.48000921219507	1.587
Megaderma_spasma	1.342	3.0789623596587	9.48000921219507	1.354
Mesophylla_macconnelli	0.951	3.0789623596587	9.48000921219507	0.875
Micronycteris_brachyotis	1.146	3.0789623596587	9.48000921219507	1.167
Micronycteris_megalotis	1.049	3.0789623596587	9.48000921219507	0.813
Micronycteris_minuta	1.021	3.0789623596587	9.48000921219507	0.839
Micronycteris_schmidtorum	1.079	3.0789623596587	9.48000921219507	0.892
Gardnerycteris_crenulatum	1.053	3.0789623596587	9.48000921219507	1.072
Miniopterus_australis	0.989	3.0789623596587	9.48000921219507	0.851
Miniopterus_inflatus	1.097	3.0789623596587	9.48000921219507	1.173
Miniopterus_magnater	1.21	3.0789623596587	9.48000921219507	1.176
Miniopterus_pusillus	1.004	3.0789623596587	9.48000921219507	0.934
Miniopterus_tristis	1.217	3.0789623596587	9.48000921219507	1.193
Molossus_molossus	1.236	3.0789623596587	9.48000921219507	1.137
Molossus_rufus	1.462	3.0789623596587	9.48000921219507	1.526
Monophyllus_plethodon	1.134	3.0789623596587	9.48000921219507	1.176
Mormoops_megalophylla	1.107	3.0789623596587	9.48000921219507	1.196
Murina_cyclotis	0.982	3.0789623596587	9.48000921219507	0.851
Murina_huttoni	1.009	3.0789623596587	9.48000921219507	0.944
Myotis_adversus	1.086	3.0789623596587	9.48000921219507	1.049
Myotis_albescens	0.778	3.0789623596587	9.48000921219507	0.602
Myotis_annectans	1.017	3.0789623596587	9.48000921219507	0.991
Myotis_bechsteinii	1.041	3.0789623596587	9.48000921219507	0.978
Myotis_bocagii	0.982	3.0789623596587	9.48000921219507	0.845
Myotis_dasycneme	1.146	3.0789623596587	9.48000921219507	1.176
Myotis_myotis	1.274	3.0789623596587	9.48000921219507	1.408
Myotis_nigricans	0.862	3.0789623596587	9.48000921219507	0.663
Myotis_siligorensis	0.684	3.0789623596587	9.48000921219507	0.539
Natalus_tumidirostris	0.945	3.0789623596587	9.48000921219507	0.839
Noctilio_albiventris	1.407	3.0789623596587	9.48000921219507	1.515
Noctilio_leporinus	1.666	3.0789623596587	9.48000921219507	1.763
Nyctalus_noctula	1.193	3.0789623596587	9.48000921219507	1.431
Nycteris_arge	1.072	3.0789623596587	9.48000921219507	1.025
Nycteris_grandis	1.354	3.0789623596587	9.48000921219507	1.474
Nycteris_hispida	1.009	3.0789623596587	9.48000921219507	0.892
Nycteris_javanica	1.137	3.0789623596587	9.48000921219507	1.265
Nycteris_macrotis	1.17	3.0789623596587	9.48000921219507	1.161
Nycteris_thebaica	1.045	3.0789623596587	9.48000921219507	0.949
Nyctophilus_geoffroyi	0.846	3.0789623596587	9.48000921219507	0.857
Otomops_martiensseni	1.459	3.0789623596587	9.48000921219507	1.618
Peropteryx_macrotis	1.021	3.0789623596587	9.48000921219507	0.748
Phylloderma_stenops	1.559	3.0789623596587	9.48000921219507	1.664
Phyllostomus_discolor	1.589	3.0789623596587	9.48000921219507	1.563
Phyllostomus_elongatus	1.517	3.0789623596587	9.48000921219507	1.652
Phyllostomus_hastatus	1.667	3.0789623596587	9.48000921219507	1.963
Pipistrellus_javanicus	0.805	3.0789623596587	9.48000921219507	0.653
Pipistrellus_tenuis	0.631	3.0789623596587	9.48000921219507	0.591
Afronycteris_nana	0.689	3.0789623596587	9.48000921219507	0.591
Hypsugo_pulveratus	0.903	3.0789623596587	9.48000921219507	0.724
Perimyotis_subflavus	0.722	3.0789623596587	9.48000921219507	0.724
Pteronotus_gymnonotus	1.143	3.0789623596587	9.48000921219507	1.134
Pteronotus_parnellii_mesoamericanus	1.386	3.0789623596587	9.48000921219507	1.305
Pteronotus_personatus	1.017	3.0789623596587	9.48000921219507	0.908
Rhinolophus_cornutus	0.848	3.0789623596587	9.48000921219507	0.82
Rhinolophus_eloquens	1.199	3.0789623596587	9.48000921219507	1.281
Rhinolophus_hipposideros	0.695	3.0789623596587	9.48000921219507	0.663
Rhinolophus_landeri	1.029	3.0789623596587	9.48000921219507	0.987
Rhinolophus_lepidus	0.92	3.0789623596587	9.48000921219507	0.778
Rhinolophus_luctus	1.41	3.0789623596587	9.48000921219507	1.516
Rhinolophus_macrotis	0.818	3.0789623596587	9.48000921219507	0.799
Rhinolophus_malayanus	0.991	3.0789623596587	9.48000921219507	0.806
Rhinolophus_megaphyllus	1.049	3.0789623596587	9.48000921219507	0.991
Rhinolophus_pearsonii	1.143	3.0789623596587	9.48000921219507	1.143
Rhinolophus_pusillus	0.856	3.0789623596587	9.48000921219507	0.672
Rhinolophus_trifoliatus	1.201	3.0789623596587	9.48000921219507	1.164
Rhinolophus_yunnanensis	1.283	3.0789623596587	9.48000921219507	1.371
Rhinonicteris_aurantia	0.941	3.0789623596587	9.48000921219507	0.934
Rhinophylla_pumilio	1.121	3.0789623596587	9.48000921219507	0.949
Rhinopoma_hardwickii	1.14	3.0789623596587	9.48000921219507	1.111
Rhinopoma_microphyllum	1.188	3.0789623596587	9.48000921219507	1.468
Rhogeessa_parvula	0.762	3.0789623596587	9.48000921219507	0.653
Rhynchonycteris_naso	0.832	3.0789623596587	9.48000921219507	0.58
Saccopteryx_bilineata	1.196	3.0789623596587	9.48000921219507	0.924
Saccopteryx_canescens	0.923	3.0789623596587	9.48000921219507	0.531
Saccopteryx_leptura	0.984	3.0789623596587	9.48000921219507	0.708
Scotomanes_ornatus	1.258	3.0789623596587	9.48000921219507	1.338
Scotophilus_dinganii	1.307	3.0789623596587	9.48000921219507	1.386
Scotophilus_kuhlii	1.217	3.0789623596587	9.48000921219507	1.31
Sphaeronycteris_toxophyllum	1.079	3.0789623596587	9.48000921219507	1.265
Sturnira_lilium	1.255	3.0789623596587	9.48000921219507	1.305
Sturnira_ludovici	1.35	3.0789623596587	9.48000921219507	1.413
Sturnira_tildae	1.332	3.0789623596587	9.48000921219507	1.387
Tadarida_aegyptiaca	1.265	3.0789623596587	9.48000921219507	1.248
Taphozous_australis	1.42	3.0789623596587	9.48000921219507	1.38
Taphozous_hildegardeae	1.441	3.0789623596587	9.48000921219507	1.438
Taphozous_mauritianus	1.439	3.0789623596587	9.48000921219507	1.462
Taphozous_melanopogon	1.393	3.0789623596587	9.48000921219507	1.356
Tonatia_bidens	1.461	3.0789623596587	9.48000921219507	1.468
Lophostoma_schulzi	1.1	3.0789623596587	9.48000921219507	1.328
Trachops_cirrhosus	1.439	3.0789623596587	9.48000921219507	1.567
Triaenops_persicus	0.983	3.0789623596587	9.48000921219507	1.137
Tylonycteris_pachypus	0.622	3.0789623596587	9.48000921219507	0.681
Tylonycteris_robustula	0.743	3.0789623596587	9.48000921219507	0.857
Uroderma_bilobatum	1.246	3.0789623596587	9.48000921219507	1.21
Vampyressa_pusilla	1.029	3.0789623596587	9.48000921219507	0.934
Vampyrum_spectrum	1.705	3.0789623596587	9.48000921219507	2.238
Alouatta_seniculus	2.629	3.0789623596587	9.48000921219507	3.806
Aotus_trivirgatus	2.287	3.0789623596587	9.48000921219507	2.919
Ateles_geoffroyi	2.939	3.0789623596587	9.48000921219507	3.903
Avahi_laniger	2.069	3.0789623596587	9.48000921219507	3.109
Plecturocebus_moloch	2.405	3.0789623596587	9.48000921219507	2.954
Callimico_goeldii	2.167	3.0789623596587	9.48000921219507	2.681
Callithrix_jacchus	2.026	3.0789623596587	9.48000921219507	2.447
Cebuella_pygmaea	1.877	3.0789623596587	9.48000921219507	2.146
Cebus_albifrons	2.661	3.0789623596587	9.48000921219507	3.491
Cercopithecus_ascanius	2.758	3.0789623596587	9.48000921219507	3.531
Cercopithecus_mitis_mitis	2.848	3.0789623596587	9.48000921219507	3.799
Cheirogaleus_major	2.01	3.0789623596587	9.48000921219507	2.653
Cheirogaleus_medius	1.812	3.0789623596587	9.48000921219507	2.248
Daubentonia_madagascariensis	2.683	3.0789623596587	9.48000921219507	3.447
Erythrocebus_patas	2.838	3.0789623596587	9.48000921219507	3.892
Eulemur_fulvus_fulvus	2.416	3.0789623596587	9.48000921219507	3.146
Galago_senegalensis	1.865	3.0789623596587	9.48000921219507	2.27
Galagoides_demidoff	1.763	3.0789623596587	9.48000921219507	1.908
Gorilla_gorilla	3.44	3.0789623596587	9.48000921219507	5.021
Homo_sapiens	3.479	3.0789623596587	9.48000921219507	4.813
Hylobates_lar	2.824	3.0789623596587	9.48000921219507	3.756
Indri_indri	2.6	3.0789623596587	9.48000921219507	3.796
Lagothrix_lagotricha	2.877	3.0789623596587	9.48000921219507	3.716
Lepilemur_mustelinus	2.127	3.0789623596587	9.48000921219507	2.961
Lophocebus_albigena	2.893	3.0789623596587	9.48000921219507	3.898
Loris_tardigradus_tardigradus	2.017	3.0789623596587	9.48000921219507	2.508
Macaca_mulatta	2.831	3.0789623596587	9.48000921219507	3.892
Microcebus_murinus	1.563	3.0789623596587	9.48000921219507	1.732
Miopithecus_talapoin	2.616	3.0789623596587	9.48000921219507	3.079
Nasalis_larvatus	2.857	3.0789623596587	9.48000921219507	4.146
Nycticebus_coucang	2.277	3.0789623596587	9.48000921219507	2.903
Otolemur_crassicaudatus	2.173	3.0789623596587	9.48000921219507	2.929
Pan_troglodytes	3.153	3.0789623596587	9.48000921219507	4.663
Papio_cynocephalus	2.979	3.0789623596587	9.48000921219507	4.398
Perodicticus_potto	2.306	3.0789623596587	9.48000921219507	3.061
Pithecia_monachus	2.563	3.0789623596587	9.48000921219507	3.176
Piliocolobus_badius	2.7	3.0789623596587	9.48000921219507	3.845
Propithecus_verreauxi	2.48	3.0789623596587	9.48000921219507	3.542
Pygathrix_nemaeus	2.689	3.0789623596587	9.48000921219507	3.875
Saguinus_midas	2.161	3.0789623596587	9.48000921219507	2.531
Saguinus_oedipus	2.152	3.0789623596587	9.48000921219507	2.58
Saimiri_sciureus_sciureus	2.385	3.0789623596587	9.48000921219507	2.82
Tarsius_tarsier	1.728	3.0789623596587	9.48000921219507	2.097
Varecia_variegata	2.566	3.0789623596587	9.48000921219507	3.477
