Species_TTOL	DIE	rest_of_brain	rest_of_brain2	BOD
Anourosorex_squamipes	1.405	2.5613393948666	6.56045949569562	1.86328760196422
Atelerix_algirus	2.4	3.45937494595256	11.9672750166842	1.86328760196422
Blarina_brevicauda	1.42	2.56526016953364	6.58055973739577	1.86328760196422
Chrysochloris_asiatica	1.723	2.8124927980164	7.91011573889411	1.86328760196422
Chrysochloris_stuhlmanni	1.713	2.83356529108882	8.02909225886326	1.86328760196422
Crocidura_attenuata	1.114	2.29369840905507	5.26105239170176	1.86328760196422
Crocidura_flavescens	1.4	2.58207746336137	6.66712402679868	1.86328760196422
Crocidura_hildegardeae	1.146	2.30064063157812	5.29294731566815	1.86328760196422
Crocidura_denti	1.212	2.36479451634544	5.59225310453746	1.86328760196422
Crocidura_russula	1.143	2.26471093422473	5.12891561559707	1.86328760196422
Crocidura_suaveolens	1.104	2.25063238800831	5.065346145952	1.86328760196422
Cryptotis_parvus	1.233	2.36248471949945	5.5813340498684	1.86328760196422
Desmana_moschata	2.536	3.55635615102067	12.6476690729026	1.86328760196422
Echinops_telfairi	1.605	2.74834886210844	7.55342146785276	1.86328760196422
Echinosorex_gymnura	2.597	3.7443098228403	14.0198560494184	1.86328760196422
Erinaceus_europaeus	2.385	3.47896517613914	12.1031986967888	1.86328760196422
Euroscaptor_micrura	1.784	2.88161190363473	8.30368716316934	1.86328760196422
Galemys_pyrenaicus	2.019	3.0873915761491	9.53198674447644	1.86328760196422
Geogale_aurita	0.898	2.08153227068238	4.33277659389213	1.86328760196422
Hemicentetes_semispinosus	1.679	2.87971667978679	8.29276815584225	1.86328760196422
Hemiechinus_auritus	2.147	3.22302557506589	10.3878938575288	1.86328760196422
Hylomys_suillus	1.934	3.04265473490601	9.25774783584598	1.86328760196422
Limnogale_mergulus	1.908	3.01708868959485	9.10282416088118	1.86328760196422
Microgale_dobsoni	1.513	2.70344201843958	7.30859874706469	1.86328760196422
Microgale_talazaci	1.657	2.85130596152045	8.12994568620207	1.86328760196422
Micropotamogale_lamottei	1.798	2.86835860528116	8.22748108849048	1.86328760196422
Micropotamogale_ruwenzorii	1.948	3.0239960099372	9.14455186811612	1.86328760196422
Myosorex_sclateri	1.373	2.52863027572128	6.39397107129426	1.86328760196422
Neomys_anomalus	1.332	2.4253493121911	5.88231928614584	1.86328760196422
Neomys_fodiens	1.382	2.4844525337294	6.17250439235441	1.86328760196422
Oryzorictes_hova	1.567	2.72555444984195	7.42864705905324	1.86328760196422
Parascalops_breweri	1.82	2.9176407015745	8.51262726348414	1.86328760196422
Potamogale_velox	2.478	3.58573403914356	12.8574885994728	1.86328760196422
Ruwenzorisorex_suncoides	1.418	2.54319142403048	6.4678226192622	1.86328760196422
Scalopus_aquaticus	1.962	3.09133564705225	9.55635608273596	1.86328760196422
Scutisorex_somereni	1.61	2.77648055519446	7.70884427337294	1.86328760196422
Setifer_setosus	1.969	3.13780347988815	9.84581067839821	1.86328760196422
Solenodon_paradoxus	2.435	3.63091110993978	13.1835154882841	1.86328760196422
Sorex_alpinus	1.23	2.39429748323639	5.73266043823212	1.86328760196422
Sorex_araneus	1.17	2.30376222600923	5.30732039398702	1.86328760196422
Sorex_cinereus	1.037	2.19894571979351	4.83536227859818	1.86328760196422
Sorex_fumeus	1.199	2.35557876339451	5.5487513105552	1.86328760196422
Sorex_hoyi	0.839	1.95473569737117	3.82099164657714	1.86328760196422
Sorex_minutus	0.886	2.03191366086741	4.12867312521959	1.86328760196422
Suncus_etruscus	0.643	1.76381793243763	3.11105369878857	1.86328760196422
Suncus_murinus	1.382	2.54992986543294	6.50214231862683	1.86328760196422
Sylvisorex_granti	1.004	2.19026550669	4.797262989796	1.86328760196422
Suncus_megalura	1.09	2.24721153694055	5.04995969175869	1.86328760196422
Talpa_europaea	1.907	2.9763963558453	8.85893526708917	1.86328760196422
Tenrec_ecaudatus	2.187	3.35823796436117	11.2777622252766	1.86328760196422
Aepyprymnus_rufescens	3.032135	4.0785367274352	16.6344618370378	1.86328760196422
Antechinus_flavipes	1.70927	2.78774994860876	7.77154977596817	1.86328760196422
Antechinus_minimus	1.800029	2.86153430048589	8.18837855285726	1.86328760196422
Bettongia_gaimardi	3.007705	4.04663551459762	16.3752589880027	1.86328760196422
Bettongia_penicillata	2.933791	3.98021273823091	15.8420934415756	1.86328760196422
Burramys_parvus	1.9154	2.92464113314859	8.55352575770467	1.86328760196422
Cercartetus_nanus	1.583199	2.67775290596171	7.17036062538641	1.86328760196422
Dactylopsila_trivirgata	2.659346	3.76646475332113	14.1862567380104	1.86328760196422
Dasycercus_cristicauda	2.120903	3.16814378922862	10.0371350692279	1.86328760196422
Dasyuroides_byrnei	2.115943	3.1709361619783	10.0548361433417	1.86328760196422
Dasyurus_geoffroii	2.60021	3.70221513935253	13.706396938051	1.86328760196422
Dasyurus_hallucatus	2.389343	3.45874340368618	11.9629059325426	1.86328760196422
Dendrolagus_lumholtzi	3.272538	4.32056441398414	18.6672768553861	1.86328760196422
Distoechurus_pennatus	1.93902	2.99668674974598	8.98013147610311	1.86328760196422
Dorcopsis	3.171726	4.18833195300086	17.542124548528	1.86328760196422
Echymipera_kalubu	2.423246	3.52847956017657	12.4501680065838	1.86328760196422
Gymnobelideus_leadbeateri	2.276002	3.34769853893654	11.2070855075978	1.86328760196422
Hypsiprymnodon_moschatus	2.647285	3.74212014161771	14.0034631543009	1.86328760196422
Isoodon_macrourus	2.42341	3.58290385753117	12.8372000523117	1.86328760196422
Isoodon_obesulus_obesulus	2.516271	3.62554911049539	13.1446063526139	1.86328760196422
Osphranter_antilopinus	3.631241	4.71459609027679	22.2274162944531	1.86328760196422
Macropus_giganteus	3.658393	4.77506983526938	22.8012919316995	1.86328760196422
Notamacropus_irma	3.33666	4.36841530467472	19.0830522741163	1.86328760196422
Notamacropus_parma	3.172311	4.20117855029655	17.6499012114718	1.86328760196422
Notamacropus_parryi	3.470704	4.51970786965636	20.4277592270336	1.86328760196422
Osphranter_robustus	3.498999	4.66347772236744	21.7480244670174	1.86328760196422
Osphranter_rufus	3.656577	4.6959083965357	22.0515556686545	1.86328760196422
Thylamys_pallidior	1.678518	2.76345797589405	7.63669998453245	1.86328760196422
Marmosops_impavidus	1.928396	3.05568408388292	9.33720522049542	1.86328760196422
Monodelphis_brevicaudata	1.85248	2.94537022663038	8.67520577192069	1.86328760196422
Notoryctes_typhlops	1.854306	2.91376083971985	8.49000223108495	1.86328760196422
Petauroides_volans	2.57588	3.62032345471659	13.106741916771	1.86328760196422
Petaurus_australis	2.746089	3.77024778429207	14.2147683549593	1.86328760196422
Petaurus_breviceps	2.300378	3.32467344517594	11.053453517058	1.86328760196422
Petaurus_norfolcensis	2.442009	3.45766979672993	11.9554804232184	1.86328760196422
Petrogale_inornata	3.156852	4.23497248958282	17.9349919875233	1.86328760196422
Petrogale_lateralis	3.061075	4.16786355239828	17.3710865914101	1.86328760196422
Petrogale_penicillata	3.276002	4.31879823891567	18.6520182284611	1.86328760196422
Petrogale_purpureicollis	3.182415	4.24652097310723	18.0329403750396	1.86328760196422
Petropseudes_dahli	2.671636	3.69722055952986	13.6694398658103	1.86328760196422
Phascolarctos_cinereus	3.189209	4.22355030391757	17.8383771697222	1.86328760196422
Planigale_ingrami	0.920123	1.97840863192174	3.91410071486245	1.86328760196422
Planigale_maculata	1.214844	2.30272041723985	5.30252131997327	1.86328760196422
Potorous_tridactylus_tridactylus	2.932271	3.99808497676137	15.984683481405	1.86328760196422
Pseudochirulus_canescens	2.253096	3.33597913853393	11.1287568127336	1.86328760196422
Pseudochirulus_forbesi	2.426023	3.47922966682932	12.1050390745452	1.86328760196422
Sarcophilus_harrisii	3.026533	4.14834965764349	17.2088048820708	1.86328760196422
Sminthopsis_crassicaudata	1.475671	2.53750425778387	6.43892785827126	1.86328760196422
Sminthopsis_leucopus	1.636488	2.66164229549523	7.08433970916911	1.86328760196422
Phalanger_gymnotis	3.023664	4.06032757480693	16.4862600147375	1.86328760196422
Thylacinus_cynocephalus	3.60401	4.70915133299125	22.1761062770133	1.86328760196422
Thylogale_billardierii	3.262925	4.34805949126278	18.9056213395604	1.86328760196422
Thylogale_stigmatica	3.218536	4.25065668458073	18.0680822501708	1.86328760196422
Trichosurus_vulpecula	2.912859	4.00237325530746	16.0189916748004	1.86328760196422
Vombatus_ursinus	3.621124	4.68410274637518	21.9408185385995	1.86328760196422
Wallabia_bicolor	3.471878	4.55349934894676	20.7343563208586	1.86328760196422
Balionycteris_maculata	1.613	2.68604357258994	7.21483007385172	1.86328760196422
Casinycteris_argynnis	1.857	2.89835140151989	8.40044084669229	1.86328760196422
Chironax_melanocephalus	1.681	2.75718362381577	7.60206153543787	1.86328760196422
Cynopterus_brachyotis	1.892	2.966833649282	8.80210190251193	1.86328760196422
Cynopterus_horsfieldii	2.037	3.11468350641045	9.70125334510528	1.86328760196422
Cynopterus_sphinx	1.978	3.05354966776212	9.32416557349017	1.86328760196422
Dobsonia_inermis	2.303	3.40766797562694	11.6122010321134	1.86328760196422
Dobsonia_moluccensis	2.543	3.63531672034154	13.2155276571947	1.86328760196422
Dobsonia_praedatrix	2.38	3.45265177566025	11.9208042839698	1.86328760196422
Eidolon_helvum	2.564	3.60406636908379	12.9892943927608	1.86328760196422
Eonycteris_spelaea	2.023	3.09326062869164	9.56826131701383	1.86328760196422
Epomophorus_labiatus	2.134	3.17341455082117	10.0705599113635	1.86328760196422
Epomops_franqueti	2.283	3.3178958890353	11.0084331304774	1.86328760196422
Hypsignathus_monstrosus	2.477	3.51177917774895	12.3325929932711	1.86328760196422
Macroglossus_minimus	1.668	2.72492739657078	7.42522931658202	1.86328760196422
Megaerops_ecaudatus	1.818	2.87855040696948	8.28605244546414	1.86328760196422
Megaloglossus_woermanni	1.728	2.80962194180342	7.89397545586321	1.86328760196422
Melonycteris_melanops	2.023	3.08827988670424	9.53747265862198	1.86328760196422
Melonycteris_woodfordi	1.911	2.98478330621441	8.90893138505621	1.86328760196422
Epomophorus_pusillus	1.831	2.8916991691473	8.36192408484716	1.86328760196422
Myonycteris_torquata	1.997	3.04038415947288	9.24393583717363	1.86328760196422
Notopteris_macdonaldi	2.073	3.14143861060649	9.86863654420925	1.86328760196422
Nyctimene_albiventer	1.817	2.89166094946112	8.36170304663836	1.86328760196422
Nyctimene_robinsoni	1.977	3.06521908417013	9.39556803396076	1.86328760196422
Nyctimene_vizcaccia	1.9	2.97019608506253	8.82206478372075	1.86328760196422
Paranyctimene_raptor	1.762	2.83904237199348	8.06016158997434	1.86328760196422
Pteropus_alecto	2.759	3.82069860124938	14.597737801589	1.86328760196422
Pteropus_conspicillatus	2.836	3.89493121910952	15.170489201594	1.86328760196422
Pteropus_hypomelanus	2.637	3.69716131393364	13.6690017812475	1.86328760196422
Pteropus_lylei	2.711	3.75598421253182	14.1074174047883	1.86328760196422
Pteropus_neohibernicus	2.857	3.92848620624869	15.4330038726862	1.86328760196422
Pteropus_poliocephalus	2.784	3.83016987335255	14.6702012587375	1.86328760196422
Pteropus_samoensis	2.671	3.73626675041077	13.959689230225	1.86328760196422
Pteropus_scapulatus	2.64	3.70549571470575	13.7306984917027	1.86328760196422
Pteropus_temminckii	2.622	3.66354900940771	13.4215913443322	1.86328760196422
Pteropus_tonganus	2.713	3.75825829746648	14.1245054304756	1.86328760196422
Pteropus_vampyrus	2.837	3.92972371176801	15.4427284508318	1.86328760196422
Rousettus_aegyptiacus	2.284	3.32486399626551	11.0547205936626	1.86328760196422
Rousettus_amplexicaudatus	2.093	3.1617898919156	9.99691532061967	1.86328760196422
Scotonycteris_zenkeri	1.763	2.8251361190744	7.98139409129878	1.86328760196422
Sphaerias_blanfordi	1.833	2.89058047078486	8.35545545808283	1.86328760196422
Syconycteris_australis	1.685	2.75449107699007	7.5872210932179	1.86328760196422
Anoura_caudifer	1.476	2.5806238378183	6.65961939231605	1.86328760196422
Anoura_geoffroyi	1.618	2.74657171798292	7.54365620202365	1.86328760196422
Ardops_nichollsi	1.609	2.72119019257957	7.40487606419122	1.86328760196422
Artibeus_cinereus	1.513	2.64696591916355	7.00642857721331	1.86328760196422
Artibeus_concolor	1.649	2.77277474031503	7.68827976052911	1.86328760196422
Artibeus_jamaicensis	1.861	2.98333261088124	8.9002734671475	1.86328760196422
Artibeus_lituratus	1.933	3.06496819373968	9.39403002863586	1.86328760196422
Aselliscus_stoliczkanus	0.991	2.14627742243429	4.60650677405116	1.86328760196422
Aselliscus_tricuspidatus	0.991	2.0993562087761	4.40729649132678	1.86328760196422
Brachyphylla_cavernarum	1.984	3.05292228999784	9.32033450876568	1.86328760196422
Cardioderma_cor	1.737	2.79992584642206	7.83958474546228	1.86328760196422
Carollia_perspicillata	1.577	2.71324648190518	7.36170647157086	1.86328760196422
Chalinolobus_gouldii	1.23	2.35195774032069	5.53170521225439	1.86328760196422
Chalinolobus_morio	1.137	2.24071974568802	5.02082497871619	1.86328760196422
Chiroderma_salvini	1.774	2.88624082329356	8.33038609004629	1.86328760196422
Chiroderma_trinitatum	1.584	2.70539048497075	7.31913767617029	1.86328760196422
Chiroderma_villosum	1.697	2.82351695180044	7.97224797710447	1.86328760196422
Choeroniscus_minor	1.474	2.5659450134905	6.58407381225677	1.86328760196422
Coleura_afra	1.31	2.38684133903795	5.69701157774045	1.86328760196422
Cormura_brevirostris	1.265	2.31547900333038	5.36144301486384	1.86328760196422
Craseonycteris_thonglongyai	0.875	1.91186407137902	3.65522422742997	1.86328760196422
Desmodus_rotundus	1.874	2.97496949473285	8.85044349459105	1.86328760196422
Diphylla_ecaudata	1.803	2.87975236516861	8.29297368469423	1.86328760196422
Emballonura_monticola	1.17	2.19689550326823	4.82634985228017	1.86328760196422
Emballonura_raffrayana	1.173	2.21750313113026	4.91732013657249	1.86328760196422
Eptesicus_brasiliensis	1.185	2.27704088235613	5.18491517992119	1.86328760196422
Eptesicus_fuscus_bahamensis	1.279	2.3513653086034	5.52891881450355	1.86328760196422
Eumops_auripendulus	1.668	2.75999624802448	7.6175792891092	1.86328760196422
Eumops_glaucinus	1.665	2.79101278730558	7.78975237890325	1.86328760196422
Furipterus_horrens	0.964	2.07959239815975	4.32470454248383	1.86328760196422
Glischropus_tylopus	0.892	1.97312302120491	3.89321445680878	1.86328760196422
Glossophaga_longirostris	1.502	2.6169266719764	6.84830520650148	1.86328760196422
Glossophaga_soricina	1.455	2.57354501835856	6.62313396151816	1.86328760196422
Harpiocephalus_harpia	1.501	2.62086344715862	6.86892520865216	1.86328760196422
Hesperoptenus_blanfordi	1.104	2.16984821507198	4.70824127645104	1.86328760196422
Hipposideros_armiger	1.749	2.87560056473481	8.26907860790317	1.86328760196422
Hipposideros_ater	1.193	2.30545128539469	5.31510562932804	1.86328760196422
Hipposideros_caffer	1.326	2.4627759440208	6.06526535044753	1.86328760196422
Macronycteris_commersoni	1.734	2.84697711567035	8.10527869715067	1.86328760196422
Hipposideros_diadema	1.728	2.82568898250015	7.98451822582275	1.86328760196422
Hipposideros_fulvus	1.25	2.34735841257385	5.51009151708124	1.86328760196422
Hipposideros_lankadiva	1.728	2.83381440820857	8.0305041001705	1.86328760196422
Hipposideros_larvatus	1.49	2.59070379701993	6.7117461638935	1.86328760196422
Hipposideros_ridleyi	1.324	2.40319100137588	5.775326989094	1.86328760196422
Hipposideros_speoris	1.31	2.42782469906196	5.89433276937531	1.86328760196422
Hipposideros_turpis	1.629	2.74970813235674	7.5608948131488	1.86328760196422
Ia_io	1.774	2.85693377655639	8.16207060362878	1.86328760196422
Kerivoula_papillosa	1.33	2.47004291344843	6.10111199427681	1.86328760196422
Lasiurus_borealis	1.097	2.20786055220101	4.87464821796536	1.86328760196422
Leptonycteris_curasoae	1.643	2.76007259430502	7.61800072583367	1.86328760196422
Leptonycteris_nivalis	1.636	2.74009904764629	7.50814279091213	1.86328760196422
Lonchophylla_mordax	1.517	2.61273847911539	6.82640236025021	1.86328760196422
Hsunycteris_thomasi	1.373	2.50023862095974	6.25119316173868	1.86328760196422
Lophostoma_silvicolum	1.743	2.85331808051172	8.14142406857511	1.86328760196422
Macroderma_gigas	2.139	3.20498065502424	10.2719009990796	1.86328760196422
Macrophyllum_macrophyllum	1.384	2.4790378028068	6.14562842774516	1.86328760196422
Megaderma_lyra	1.863	2.93241161841455	8.59903789981263	1.86328760196422
Megaderma_spasma	1.679	2.78365497627165	7.74873502692193	1.86328760196422
Mesophylla_macconnelli	1.389	2.5144416036305	6.32241657806794	1.86328760196422
Micronycteris_brachyotis	1.444	2.58328686142129	6.67337100839185	1.86328760196422
Micronycteris_megalotis	1.297	2.41295245824855	5.8223395657677	1.86328760196422
Micronycteris_minuta	1.255	2.43110917339505	5.91029181296557	1.86328760196422
Micronycteris_schmidtorum	1.324	2.46261324325241	6.06446398584217	1.86328760196422
Gardnerycteris_crenulatum	1.415	2.48743694137244	6.18734253730427	1.86328760196422
Miniopterus_australis	1.164	2.28796870242141	5.2348007832599	1.86328760196422
Miniopterus_inflatus	1.34	2.48807198431177	6.19050219911712	1.86328760196422
Miniopterus_magnater	1.338	2.4849865990346	6.17515839738155	1.86328760196422
Miniopterus_pusillus	1.199	2.31097785415854	5.34061864241123	1.86328760196422
Miniopterus_tristis	1.364	2.49587912679333	6.22941261556266	1.86328760196422
Molossus_molossus	1.371	2.47483774200244	6.12482184923971	1.86328760196422
Molossus_rufus	1.611	2.69716719929339	7.27471090094414	1.86328760196422
Monophyllus_plethodon	1.501	2.62023584937206	6.86563590633451	1.86328760196422
Mormoops_megalophylla	1.387	2.56247160047249	6.56626070322802	1.86328760196422
Murina_cyclotis	1.262	2.37139315447136	5.62350549307361	1.86328760196422
Murina_huttoni	1.276	2.38592275334146	5.69262738491251	1.86328760196422
Myotis_adversus	1.299	2.3772871201093	5.65149405143757	1.86328760196422
Myotis_albescens	1	2.07780309246655	4.31726569106356	1.86328760196422
Myotis_annectans	1.253	2.31710569964846	5.3689788233434	1.86328760196422
Myotis_bechsteinii	1.354	2.39586985328546	5.74019235388207	1.86328760196422
Myotis_bocagii	1.199	2.25339686523018	5.07779743222921	1.86328760196422
Myotis_dasycneme	1.422	2.46431986810657	6.07287241234477	1.86328760196422
Myotis_myotis	1.604	2.65907694339085	7.07069019087282	1.86328760196422
Myotis_nigricans	1	2.11100026230064	4.45632210743337	1.86328760196422
Myotis_siligorensis	0.94	1.98557890358024	3.9425235823429	1.86328760196422
Natalus_tumidirostris	1.262	2.36796538095518	5.60726004540222	1.86328760196422
Noctilio_albiventris	1.665	2.74963685311494	7.56050282400782	1.86328760196422
Noctilio_leporinus	1.947	3.04342425236468	9.26243117988151	1.86328760196422
Nyctalus_noctula	1.405	2.52928534798622	6.39728437153778	1.86328760196422
Nycteris_arge	1.403	2.51972165509131	6.34899721913611	1.86328760196422
Nycteris_grandis	1.726	2.82882341601125	8.00224191897357	1.86328760196422
Nycteris_hispida	1.318	2.43216548536531	5.91542894820225	1.86328760196422
Nycteris_javanica	1.56	2.65047090615567	7.02499602437764	1.86328760196422
Nycteris_macrotis	1.484	2.56570573628551	6.5828459252084	1.86328760196422
Nycteris_thebaica	1.391	2.4880134922472	6.19021113760409	1.86328760196422
Nyctophilus_geoffroyi	1.1	2.1954325071819	4.819923893591	1.86328760196422
Otomops_martiensseni	1.728	2.85387267955123	8.1445892710889	1.86328760196422
Peropteryx_macrotis	1.111	2.18774408447669	4.78622417916275	1.86328760196422
Phylloderma_stenops	1.953	3.10305487853701	9.62894957921231	1.86328760196422
Phyllostomus_discolor	1.916	3.01289560068157	9.07753990060635	1.86328760196422
Phyllostomus_elongatus	1.81	2.91962973558399	8.52423779290623	1.86328760196422
Phyllostomus_hastatus	2.045	3.15775224544109	9.97139924358827	1.86328760196422
Pipistrellus_javanicus	0.973	2.04743835568333	4.19200382032326	1.86328760196422
Pipistrellus_tenuis	0.881	1.94445839594312	3.78091845355368	1.86328760196422
Afronycteris_nana	0.898	1.97624949883145	3.90556208163155	1.86328760196422
Hypsugo_pulveratus	1.064	2.12583275320563	4.51916489460183	1.86328760196422
Perimyotis_subflavus	1.017	2.0689992385851	4.28075784926571	1.86328760196422
Pteronotus_gymnonotus	1.36	2.50919392843789	6.29605417050955	1.86328760196422
Pteronotus_parnellii_mesoamericanus	1.573	2.71076396835588	7.34824129213654	1.86328760196422
Pteronotus_personatus	1.193	2.33437416842607	5.44930275821491	1.86328760196422
Rhinolophus_cornutus	1.149	2.26307067478927	5.12148887909114	1.86328760196422
Rhinolophus_eloquens	1.476	2.58228368121921	6.66818901029102	1.86328760196422
Rhinolophus_hipposideros	1.093	2.14741999328989	4.61141262758114	1.86328760196422
Rhinolophus_landeri	1.324	2.41927248180996	5.85287934124292	1.86328760196422
Rhinolophus_lepidus	1.149	2.24246038366786	5.0286285723198	1.86328760196422
Rhinolophus_luctus	1.667	2.76563752486781	7.64875091895694	1.86328760196422
Rhinolophus_macrotis	1.173	2.29216841823355	5.2540360575473	1.86328760196422
Rhinolophus_malayanus	1.167	2.28065583157794	5.20139102211046	1.86328760196422
Rhinolophus_megaphyllus	1.253	2.39284327871508	5.72569895649193	1.86328760196422
Rhinolophus_pearsonii	1.407	2.49680535567541	6.23403698412942	1.86328760196422
Rhinolophus_pusillus	1.093	2.19036275728536	4.79768900850274	1.86328760196422
Rhinolophus_trifoliatus	1.449	2.51948592306197	6.34780931650745	1.86328760196422
Rhinolophus_yunnanensis	1.516	2.61598611233896	6.84338333995029	1.86328760196422
Rhinonicteris_aurantia	1.248	2.36980993185743	5.61599911313013	1.86328760196422
Rhinophylla_pumilio	1.375	2.52389337701925	6.37003777856165	1.86328760196422
Rhinopoma_hardwickii	1.391	2.41517493551946	5.83306996916144	1.86328760196422
Rhinopoma_microphyllum	1.507	2.56167523073907	6.56217998778205	1.86328760196422
Rhogeessa_parvula	0.968	2.02540404611476	4.10226155001805	1.86328760196422
Rhynchonycteris_naso	0.973	2.04732050651951	4.19152125641528	1.86328760196422
Saccopteryx_bilineata	1.27	2.33483311530367	5.45144567631863	1.86328760196422
Saccopteryx_canescens	1.041	2.08934484317686	4.36536187370975	1.86328760196422
Saccopteryx_leptura	1.124	2.18322541361085	4.76647320663625	1.86328760196422
Scotomanes_ornatus	1.519	2.55494722650546	6.52775533022796	1.86328760196422
Scotophilus_dinganii	1.544	2.6152095371468	6.83932092318357	1.86328760196422
Scotophilus_kuhlii	1.458	2.50605597481635	6.28031654891271	1.86328760196422
Sphaeronycteris_toxophyllum	1.615	2.69540272673135	7.26519585927081	1.86328760196422
Sturnira_lilium	1.657	2.7664442150746	7.6532135951197	1.86328760196422
Sturnira_ludovici	1.702	2.79971581818209	7.83840866257902	1.86328760196422
Sturnira_tildae	1.703	2.82056767486967	7.95560200851967	1.86328760196422
Tadarida_aegyptiaca	1.483	2.56759514736225	6.59254484075817	1.86328760196422
Taphozous_australis	1.566	2.68911434548403	7.23133596308799	1.86328760196422
Taphozous_hildegardeae	1.579	2.71134274302204	7.3513794701383	1.86328760196422
Taphozous_mauritianus	1.626	2.71797961523504	7.3874131888332	1.86328760196422
Taphozous_melanopogon	1.583	2.70480831622297	7.31598802750896	1.86328760196422
Tonatia_bidens	1.73	2.87212442061372	8.24909868748569	1.86328760196422
Lophostoma_schulzi	1.568	2.67681030271887	7.1653133967419	1.86328760196422
Trachops_cirrhosus	1.829	2.97719852358353	8.86371104882793	1.86328760196422
Triaenops_persicus	1.25	2.41026109600416	5.80935855091118	1.86328760196422
Tylonycteris_pachypus	0.826	1.87843900376487	3.52853309086516	1.86328760196422
Tylonycteris_robustula	0.964	2.03440793493338	4.1388156457199	1.86328760196422
Uroderma_bilobatum	1.635	2.76341624316696	7.636469332999	1.86328760196422
Vampyressa_pusilla	1.431	2.55572901399533	6.53175079297756	1.86328760196422
Vampyrum_spectrum	2.294	3.38883839645361	11.4842256772783	1.86328760196422
Alouatta_seniculus	3.524	4.69064476860801	22.0021483452696	1.86328760196422
Aotus_trivirgatus	3.041	4.20956514451613	17.7204387059251	1.86328760196422
Ateles_geoffroyi	3.727	5.00423671459412	25.0423850956918	1.86328760196422
Avahi_laniger	2.936	3.99079117597203	15.9264142102162	1.86328760196422
Plecturocebus_moloch	3.138	4.24999973790912	18.0624977722276	1.86328760196422
Callimico_goeldii	2.869	4.02141427425862	16.171772765211	1.86328760196422
Callithrix_jacchus	2.744	3.86010428447601	14.9004050870301	1.86328760196422
Cebuella_pygmaea	2.534	3.63358773263483	13.2029598107543	1.86328760196422
Cebus_albifrons	3.602	4.8258408678735	23.2887400820381	1.86328760196422
Cercopithecus_ascanius	3.557	4.80297404128273	23.0685596412358	1.86328760196422
Cercopithecus_mitis_mitis	3.621	4.84835244065239	23.5065213887799	1.86328760196422
Cheirogaleus_major	2.689	3.80396492768725	14.4701491710746	1.86328760196422
Cheirogaleus_medius	2.371	3.4708780230274	12.0469942507346	1.86328760196422
Daubentonia_madagascariensis	3.549	4.6294722319675	21.4320131465581	1.86328760196422
Erythrocebus_patas	3.734	5.01330305301563	25.1332075013758	1.86328760196422
Eulemur_fulvus_fulvus	3.234	4.34468914865517	18.876323798442	1.86328760196422
Galago_senegalensis	2.582	3.65384583826705	13.3505894098214	1.86328760196422
Galagoides_demidoff	2.391	3.50526524207999	12.2868844173341	1.86328760196422
Gorilla_gorilla	4.287	5.67214160105073	32.1731903423703	1.86328760196422
Homo_sapiens	4.523	6.09769523952942	37.1818872341798	1.86328760196422
Hylobates_lar	3.757	4.98887970833346	24.8889207442213	1.86328760196422
Indri_indri	3.464	4.55944787748954	20.7885649475439	1.86328760196422
Lagothrix_lagotricha	3.757	4.980177796679	24.8021708865345	1.86328760196422
Lepilemur_mustelinus	2.773	3.85550540645094	14.8649219391724	1.86328760196422
Lophocebus_albigena	3.728	4.9893093148895	24.8932074396431	1.86328760196422
Loris_tardigradus_tardigradus	2.731	3.79701647977618	14.4173341476919	1.86328760196422
Macaca_mulatta	3.651	4.94427327976376	24.4458382649859	1.86328760196422
Microcebus_murinus	2.127	3.22499777943092	10.4006106773343	1.86328760196422
Miopithecus_talapoin	3.376	4.57720824492106	20.9508353173733	1.86328760196422
Nasalis_larvatus	3.725	4.97211427746941	24.7219203882152	1.86328760196422
Nycticebus_coucang	3.032	4.07016900764897	16.5662757508262	1.86328760196422
Otolemur_crassicaudatus	2.895	3.98509131950917	15.8809528248273	1.86328760196422
Pan_troglodytes	4.187	5.58232825551133	31.1623887522802	1.86328760196422
Papio_cynocephalus	3.968	5.28121407692444	27.8912221263048	1.86328760196422
Perodicticus_potto	3.01	4.12079897970986	16.9809842311778	1.86328760196422
Pithecia_monachus	3.359	4.51688705271499	20.4022686469843	1.86328760196422
Piliocolobus_badius	3.596	4.86832778778568	23.7006154493262	1.86328760196422
Propithecus_verreauxi	3.341	4.40135338583513	19.3719116270023	1.86328760196422
Pygathrix_nemaeus	3.675	4.86047259819674	23.6241938778213	1.86328760196422
Saguinus_midas	2.84	3.98108200720884	15.8490139481219	1.86328760196422
Saguinus_oedipus	2.877	3.97903342592802	15.8327070046525	1.86328760196422
Saimiri_sciureus_sciureus	3.155	4.35321967494396	18.9505215383192	1.86328760196422
Tarsius_tarsier	2.481	3.53020840861181	12.4623714082335	1.86328760196422
Varecia_variegata	3.403	4.47260429620756	20.0041891904543	1.86328760196422
