Species_TTOL	DIE	rest_of_brain	rest_of_brain2	BOD
Anourosorex_squamipes	1.405	3.0789623596587	9.48000921219507	1.307
Atelerix_algirus	2.4	3.0789623596587	9.48000921219507	2.867
Blarina_brevicauda	1.42	3.0789623596587	9.48000921219507	1.267
Chrysochloris_asiatica	1.723	3.0789623596587	9.48000921219507	1.69
Chrysochloris_stuhlmanni	1.713	3.0789623596587	9.48000921219507	1.626
Crocidura_attenuata	1.114	3.0789623596587	9.48000921219507	0.968
Crocidura_flavescens	1.4	3.0789623596587	9.48000921219507	1.467
Crocidura_hildegardeae	1.146	3.0789623596587	9.48000921219507	0.996
Crocidura_denti	1.212	3.0789623596587	9.48000921219507	1.079
Crocidura_russula	1.143	3.0789623596587	9.48000921219507	1.049
Crocidura_suaveolens	1.104	3.0789623596587	9.48000921219507	1.013
Cryptotis_parvus	1.233	3.0789623596587	9.48000921219507	0.991226075692495
Desmana_moschata	2.536	3.0789623596587	9.48000921219507	2.646
Echinops_telfairi	1.605	3.0789623596587	9.48000921219507	1.942
Echinosorex_gymnura	2.597	3.0789623596587	9.48000921219507	2.921
Erinaceus_europaeus	2.385	3.0789623596587	9.48000921219507	2.929
Euroscaptor_micrura	1.784	3.0789623596587	9.48000921219507	1.617
Galemys_pyrenaicus	2.019	3.0789623596587	9.48000921219507	1.778
Geogale_aurita	0.898	3.0789623596587	9.48000921219507	1
Hemicentetes_semispinosus	1.679	3.0789623596587	9.48000921219507	2.062
Hemiechinus_auritus	2.147	3.0789623596587	9.48000921219507	2.371
Hylomys_suillus	1.934	3.0789623596587	9.48000921219507	1.756
Limnogale_mergulus	1.908	3.0789623596587	9.48000921219507	1.964
Microgale_dobsoni	1.513	3.0789623596587	9.48000921219507	1.504
Microgale_talazaci	1.657	3.0789623596587	9.48000921219507	1.683
Micropotamogale_lamottei	1.798	3.0789623596587	9.48000921219507	1.808
Micropotamogale_ruwenzorii	1.948	3.0789623596587	9.48000921219507	1.986
Myosorex_sclateri	1.373	3.0789623596587	9.48000921219507	1.23
Neomys_anomalus	1.332	3.0789623596587	9.48000921219507	1.037
Neomys_fodiens	1.382	3.0789623596587	9.48000921219507	1.182
Oryzorictes_hova	1.567	3.0789623596587	9.48000921219507	1.645
Parascalops_breweri	1.82	3.0789623596587	9.48000921219507	1.731
Potamogale_velox	2.478	3.0789623596587	9.48000921219507	2.791
Ruwenzorisorex_suncoides	1.418	3.0789623596587	9.48000921219507	1.262
Scalopus_aquaticus	1.962	3.0789623596587	9.48000921219507	2.061
Scutisorex_somereni	1.61	3.0789623596587	9.48000921219507	1.792
Setifer_setosus	1.969	3.0789623596587	9.48000921219507	2.373
Solenodon_paradoxus	2.435	3.0789623596587	9.48000921219507	2.826
Sorex_alpinus	1.23	3.0789623596587	9.48000921219507	1.033
Sorex_araneus	1.17	3.0789623596587	9.48000921219507	0.987
Sorex_cinereus	1.037	3.0789623596587	9.48000921219507	0.633
Sorex_fumeus	1.199	3.0789623596587	9.48000921219507	0.924
Sorex_hoyi	0.839	3.0789623596587	9.48000921219507	0.42
Sorex_minutus	0.886	3.0789623596587	9.48000921219507	0.633
Suncus_etruscus	0.643	3.0789623596587	9.48000921219507	0.762
Suncus_murinus	1.382	3.0789623596587	9.48000921219507	1.529
Sylvisorex_granti	1.004	3.0789623596587	9.48000921219507	0.591
Suncus_megalura	1.09	3.0789623596587	9.48000921219507	0.74
Talpa_europaea	1.907	3.0789623596587	9.48000921219507	1.908
Tenrec_ecaudatus	2.187	3.0789623596587	9.48000921219507	2.935
Aepyprymnus_rufescens	3.032135	3.0789623596587	9.48000921219507	3.392697
Antechinus_flavipes	1.70927	3.0789623596587	9.48000921219507	1.568202
Antechinus_minimus	1.800029	3.0789623596587	9.48000921219507	1.724276
Bettongia_gaimardi	3.007705	3.0789623596587	9.48000921219507	3.176091
Bettongia_penicillata	2.933791	3.0789623596587	9.48000921219507	3.079181
Burramys_parvus	1.9154	3.0789623596587	9.48000921219507	1.770852
Cercartetus_nanus	1.583199	3.0789623596587	9.48000921219507	1.278754
Dactylopsila_trivirgata	2.659346	3.0789623596587	9.48000921219507	2.643453
Dasycercus_cristicauda	2.120903	3.0789623596587	9.48000921219507	2
Dasyuroides_byrnei	2.115943	3.0789623596587	9.48000921219507	2.146128
Dasyurus_geoffroii	2.60021	3.0789623596587	9.48000921219507	2.69897
Dasyurus_hallucatus	2.389343	3.0789623596587	9.48000921219507	3.021189
Dendrolagus_lumholtzi	3.272538	3.0789623596587	9.48000921219507	3.78533
Distoechurus_pennatus	1.93902	3.0789623596587	9.48000921219507	1.633468
Dorcopsis	3.171726	3.0789623596587	9.48000921219507	3.462398
Echymipera_kalubu	2.423246	3.0789623596587	9.48000921219507	2.819544
Gymnobelideus_leadbeateri	2.276002	3.0789623596587	9.48000921219507	2.041393
Hypsiprymnodon_moschatus	2.647285	3.0789623596587	9.48000921219507	2.748188
Isoodon_macrourus	2.42341	3.0789623596587	9.48000921219507	3.033424
Isoodon_obesulus_obesulus	2.516271	3.0789623596587	9.48000921219507	3.004321
Osphranter_antilopinus	3.631241	3.0789623596587	9.48000921219507	4.537819
Macropus_giganteus	3.658393	3.0789623596587	9.48000921219507	4.563481
Notamacropus_irma	3.33666	3.0789623596587	9.48000921219507	3.819544
Notamacropus_parma	3.172311	3.0789623596587	9.48000921219507	3.536558
Notamacropus_parryi	3.470704	3.0789623596587	9.48000921219507	4.170262
Osphranter_robustus	3.498999	3.0789623596587	9.48000921219507	4.409933
Osphranter_rufus	3.656577	3.0789623596587	9.48000921219507	4.494155
Thylamys_pallidior	1.678518	3.0789623596587	9.48000921219507	1.477121
Marmosops_impavidus	1.928396	3.0789623596587	9.48000921219507	1.845098
Monodelphis_brevicaudata	1.85248	3.0789623596587	9.48000921219507	1.924279
Notoryctes_typhlops	1.854306	3.0789623596587	9.48000921219507	1.531479
Petauroides_volans	2.57588	3.0789623596587	9.48000921219507	3.09691
Petaurus_australis	2.746089	3.0789623596587	9.48000921219507	2.748188
Petaurus_breviceps	2.300378	3.0789623596587	9.48000921219507	2.113943
Petaurus_norfolcensis	2.442009	3.0789623596587	9.48000921219507	2.374748
Petrogale_inornata	3.156852	3.0789623596587	9.48000921219507	3.628389
Petrogale_lateralis	3.061075	3.0789623596587	9.48000921219507	3.556303
Petrogale_penicillata	3.276002	3.0789623596587	9.48000921219507	3.690196
Petrogale_purpureicollis	3.182415	3.0789623596587	9.48000921219507	3.740363
Petropseudes_dahli	2.671636	3.0789623596587	9.48000921219507	3.127105
Phascolarctos_cinereus	3.189209	3.0789623596587	9.48000921219507	3.968483
Planigale_ingrami	0.920123	3.0789623596587	9.48000921219507	0.826075
Planigale_maculata	1.214844	3.0789623596587	9.48000921219507	1.041393
Potorous_tridactylus_tridactylus	2.932271	3.0789623596587	9.48000921219507	3.089905
Pseudochirulus_canescens	2.253096	3.0789623596587	9.48000921219507	2.447158
Pseudochirulus_forbesi	2.426023	3.0789623596587	9.48000921219507	2.70757
Sarcophilus_harrisii	3.026533	3.0789623596587	9.48000921219507	3.732394
Sminthopsis_crassicaudata	1.475671	3.0789623596587	9.48000921219507	1.146128
Sminthopsis_leucopus	1.636488	3.0789623596587	9.48000921219507	1.361728
Phalanger_gymnotis	3.023664	3.0789623596587	9.48000921219507	3.451786
Thylacinus_cynocephalus	3.60401	3.0789623596587	9.48000921219507	4.342423
Thylogale_billardierii	3.262925	3.0789623596587	9.48000921219507	3.845098
Thylogale_stigmatica	3.218536	3.0789623596587	9.48000921219507	3.653213
Trichosurus_vulpecula	2.912859	3.0789623596587	9.48000921219507	3.30103
Vombatus_ursinus	3.621124	3.0789623596587	9.48000921219507	4.357935
Wallabia_bicolor	3.471878	3.0789623596587	9.48000921219507	4.198657
Balionycteris_maculata	1.613	3.0789623596587	9.48000921219507	1.158
Casinycteris_argynnis	1.857	3.0789623596587	9.48000921219507	1.428
Chironax_melanocephalus	1.681	3.0789623596587	9.48000921219507	1.248
Cynopterus_brachyotis	1.892	3.0789623596587	9.48000921219507	1.53
Cynopterus_horsfieldii	2.037	3.0789623596587	9.48000921219507	1.773
Cynopterus_sphinx	1.978	3.0789623596587	9.48000921219507	1.713
Dobsonia_inermis	2.303	3.0789623596587	9.48000921219507	2.173
Dobsonia_moluccensis	2.543	3.0789623596587	9.48000921219507	2.543
Dobsonia_praedatrix	2.38	3.0789623596587	9.48000921219507	2.25
Eidolon_helvum	2.564	3.0789623596587	9.48000921219507	2.418
Eonycteris_spelaea	2.023	3.0789623596587	9.48000921219507	1.769
Epomophorus_labiatus	2.134	3.0789623596587	9.48000921219507	1.806
Epomops_franqueti	2.283	3.0789623596587	9.48000921219507	2.072
Hypsignathus_monstrosus	2.477	3.0789623596587	9.48000921219507	2.491
Macroglossus_minimus	1.668	3.0789623596587	9.48000921219507	1.164
Megaerops_ecaudatus	1.818	3.0789623596587	9.48000921219507	1.38
Megaloglossus_woermanni	1.728	3.0789623596587	9.48000921219507	1.253
Melonycteris_melanops	2.023	3.0789623596587	9.48000921219507	1.675
Melonycteris_woodfordi	1.911	3.0789623596587	9.48000921219507	1.549
Epomophorus_pusillus	1.831	3.0789623596587	9.48000921219507	1.4
Myonycteris_torquata	1.997	3.0789623596587	9.48000921219507	1.561
Notopteris_macdonaldi	2.073	3.0789623596587	9.48000921219507	1.841
Nyctimene_albiventer	1.817	3.0789623596587	9.48000921219507	1.473
Nyctimene_robinsoni	1.977	3.0789623596587	9.48000921219507	1.673
Nyctimene_vizcaccia	1.9	3.0789623596587	9.48000921219507	1.549
Paranyctimene_raptor	1.762	3.0789623596587	9.48000921219507	1.417
Pteropus_alecto	2.759	3.0789623596587	9.48000921219507	2.775
Pteropus_conspicillatus	2.836	3.0789623596587	9.48000921219507	2.875
Pteropus_hypomelanus	2.637	3.0789623596587	9.48000921219507	2.591
Pteropus_lylei	2.711	3.0789623596587	9.48000921219507	2.497
Pteropus_neohibernicus	2.857	3.0789623596587	9.48000921219507	2.924
Pteropus_poliocephalus	2.784	3.0789623596587	9.48000921219507	2.842
Pteropus_samoensis	2.671	3.0789623596587	9.48000921219507	2.491
Pteropus_scapulatus	2.64	3.0789623596587	9.48000921219507	2.574
Pteropus_temminckii	2.622	3.0789623596587	9.48000921219507	2.398
Pteropus_tonganus	2.713	3.0789623596587	9.48000921219507	2.652
Pteropus_vampyrus	2.837	3.0789623596587	9.48000921219507	3.027
Rousettus_aegyptiacus	2.284	3.0789623596587	9.48000921219507	2.111
Rousettus_amplexicaudatus	2.093	3.0789623596587	9.48000921219507	1.856
Scotonycteris_zenkeri	1.763	3.0789623596587	9.48000921219507	1.328
Sphaerias_blanfordi	1.833	3.0789623596587	9.48000921219507	1.47
Syconycteris_australis	1.685	3.0789623596587	9.48000921219507	1.207
Anoura_caudifer	1.476	3.0789623596587	9.48000921219507	1.025
Anoura_geoffroyi	1.618	3.0789623596587	9.48000921219507	1.204
Ardops_nichollsi	1.609	3.0789623596587	9.48000921219507	1.352
Artibeus_cinereus	1.513	3.0789623596587	9.48000921219507	1.1
Artibeus_concolor	1.649	3.0789623596587	9.48000921219507	1.288
Artibeus_jamaicensis	1.861	3.0789623596587	9.48000921219507	1.613
Artibeus_lituratus	1.933	3.0789623596587	9.48000921219507	1.748
Aselliscus_stoliczkanus	0.991	3.0789623596587	9.48000921219507	0.69
Aselliscus_tricuspidatus	0.991	3.0789623596587	9.48000921219507	0.643
Brachyphylla_cavernarum	1.984	3.0789623596587	9.48000921219507	1.648
Cardioderma_cor	1.737	3.0789623596587	9.48000921219507	1.415
Carollia_perspicillata	1.577	3.0789623596587	9.48000921219507	1.25
Chalinolobus_gouldii	1.23	3.0789623596587	9.48000921219507	1.068
Chalinolobus_morio	1.137	3.0789623596587	9.48000921219507	0.919
Chiroderma_salvini	1.774	3.0789623596587	9.48000921219507	1.417
Chiroderma_trinitatum	1.584	3.0789623596587	9.48000921219507	1.137
Chiroderma_villosum	1.697	3.0789623596587	9.48000921219507	1.394
Choeroniscus_minor	1.474	3.0789623596587	9.48000921219507	0.982
Coleura_afra	1.31	3.0789623596587	9.48000921219507	1.061
Cormura_brevirostris	1.265	3.0789623596587	9.48000921219507	0.914
Craseonycteris_thonglongyai	0.875	3.0789623596587	9.48000921219507	0.408
Desmodus_rotundus	1.874	3.0789623596587	9.48000921219507	1.56
Diphylla_ecaudata	1.803	3.0789623596587	9.48000921219507	1.49
Emballonura_monticola	1.17	3.0789623596587	9.48000921219507	0.724
Emballonura_raffrayana	1.173	3.0789623596587	9.48000921219507	0.771
Eptesicus_brasiliensis	1.185	3.0789623596587	9.48000921219507	0.964
Eptesicus_fuscus_bahamensis	1.279	3.0789623596587	9.48000921219507	1.134
Eumops_auripendulus	1.668	3.0789623596587	9.48000921219507	1.529
Eumops_glaucinus	1.665	3.0789623596587	9.48000921219507	1.562
Furipterus_horrens	0.964	3.0789623596587	9.48000921219507	0.535
Glischropus_tylopus	0.892	3.0789623596587	9.48000921219507	0.69
Glossophaga_longirostris	1.502	3.0789623596587	9.48000921219507	1.053
Glossophaga_soricina	1.455	3.0789623596587	9.48000921219507	0.996
Harpiocephalus_harpia	1.501	3.0789623596587	9.48000921219507	1.13
Hesperoptenus_blanfordi	1.104	3.0789623596587	9.48000921219507	0.863
Hipposideros_armiger	1.749	3.0789623596587	9.48000921219507	1.748
Hipposideros_ater	1.193	3.0789623596587	9.48000921219507	0.839
Hipposideros_caffer	1.326	3.0789623596587	9.48000921219507	1.041
Macronycteris_commersoni	1.734	3.0789623596587	9.48000921219507	1.997
Hipposideros_diadema	1.728	3.0789623596587	9.48000921219507	1.622
Hipposideros_fulvus	1.25	3.0789623596587	9.48000921219507	0.845
Hipposideros_lankadiva	1.728	3.0789623596587	9.48000921219507	1.686
Hipposideros_larvatus	1.49	3.0789623596587	9.48000921219507	1.312
Hipposideros_ridleyi	1.324	3.0789623596587	9.48000921219507	0.982
Hipposideros_speoris	1.31	3.0789623596587	9.48000921219507	1.061
Hipposideros_turpis	1.629	3.0789623596587	9.48000921219507	1.542
Ia_io	1.774	3.0789623596587	9.48000921219507	1.727
Kerivoula_papillosa	1.33	3.0789623596587	9.48000921219507	1.004
Lasiurus_borealis	1.097	3.0789623596587	9.48000921219507	0.892
Leptonycteris_curasoae	1.643	3.0789623596587	9.48000921219507	1.389
Leptonycteris_nivalis	1.636	3.0789623596587	9.48000921219507	1.358
Lonchophylla_mordax	1.517	3.0789623596587	9.48000921219507	1.029
Hsunycteris_thomasi	1.373	3.0789623596587	9.48000921219507	0.839
Lophostoma_silvicolum	1.743	3.0789623596587	9.48000921219507	1.509
Macroderma_gigas	2.139	3.0789623596587	9.48000921219507	2.078
Macrophyllum_macrophyllum	1.384	3.0789623596587	9.48000921219507	0.934
Megaderma_lyra	1.863	3.0789623596587	9.48000921219507	1.587
Megaderma_spasma	1.679	3.0789623596587	9.48000921219507	1.354
Mesophylla_macconnelli	1.389	3.0789623596587	9.48000921219507	0.875
Micronycteris_brachyotis	1.444	3.0789623596587	9.48000921219507	1.167
Micronycteris_megalotis	1.297	3.0789623596587	9.48000921219507	0.813
Micronycteris_minuta	1.255	3.0789623596587	9.48000921219507	0.839
Micronycteris_schmidtorum	1.324	3.0789623596587	9.48000921219507	0.892
Gardnerycteris_crenulatum	1.415	3.0789623596587	9.48000921219507	1.072
Miniopterus_australis	1.164	3.0789623596587	9.48000921219507	0.851
Miniopterus_inflatus	1.34	3.0789623596587	9.48000921219507	1.173
Miniopterus_magnater	1.338	3.0789623596587	9.48000921219507	1.176
Miniopterus_pusillus	1.199	3.0789623596587	9.48000921219507	0.934
Miniopterus_tristis	1.364	3.0789623596587	9.48000921219507	1.193
Molossus_molossus	1.371	3.0789623596587	9.48000921219507	1.137
Molossus_rufus	1.611	3.0789623596587	9.48000921219507	1.526
Monophyllus_plethodon	1.501	3.0789623596587	9.48000921219507	1.176
Mormoops_megalophylla	1.387	3.0789623596587	9.48000921219507	1.196
Murina_cyclotis	1.262	3.0789623596587	9.48000921219507	0.851
Murina_huttoni	1.276	3.0789623596587	9.48000921219507	0.944
Myotis_adversus	1.299	3.0789623596587	9.48000921219507	1.049
Myotis_albescens	1	3.0789623596587	9.48000921219507	0.602
Myotis_annectans	1.253	3.0789623596587	9.48000921219507	0.991
Myotis_bechsteinii	1.354	3.0789623596587	9.48000921219507	0.978
Myotis_bocagii	1.199	3.0789623596587	9.48000921219507	0.845
Myotis_dasycneme	1.422	3.0789623596587	9.48000921219507	1.176
Myotis_myotis	1.604	3.0789623596587	9.48000921219507	1.408
Myotis_nigricans	1	3.0789623596587	9.48000921219507	0.663
Myotis_siligorensis	0.94	3.0789623596587	9.48000921219507	0.539
Natalus_tumidirostris	1.262	3.0789623596587	9.48000921219507	0.839
Noctilio_albiventris	1.665	3.0789623596587	9.48000921219507	1.515
Noctilio_leporinus	1.947	3.0789623596587	9.48000921219507	1.763
Nyctalus_noctula	1.405	3.0789623596587	9.48000921219507	1.431
Nycteris_arge	1.403	3.0789623596587	9.48000921219507	1.025
Nycteris_grandis	1.726	3.0789623596587	9.48000921219507	1.474
Nycteris_hispida	1.318	3.0789623596587	9.48000921219507	0.892
Nycteris_javanica	1.56	3.0789623596587	9.48000921219507	1.265
Nycteris_macrotis	1.484	3.0789623596587	9.48000921219507	1.161
Nycteris_thebaica	1.391	3.0789623596587	9.48000921219507	0.949
Nyctophilus_geoffroyi	1.1	3.0789623596587	9.48000921219507	0.857
Otomops_martiensseni	1.728	3.0789623596587	9.48000921219507	1.618
Peropteryx_macrotis	1.111	3.0789623596587	9.48000921219507	0.748
Phylloderma_stenops	1.953	3.0789623596587	9.48000921219507	1.664
Phyllostomus_discolor	1.916	3.0789623596587	9.48000921219507	1.563
Phyllostomus_elongatus	1.81	3.0789623596587	9.48000921219507	1.652
Phyllostomus_hastatus	2.045	3.0789623596587	9.48000921219507	1.963
Pipistrellus_javanicus	0.973	3.0789623596587	9.48000921219507	0.653
Pipistrellus_tenuis	0.881	3.0789623596587	9.48000921219507	0.591
Afronycteris_nana	0.898	3.0789623596587	9.48000921219507	0.591
Hypsugo_pulveratus	1.064	3.0789623596587	9.48000921219507	0.724
Perimyotis_subflavus	1.017	3.0789623596587	9.48000921219507	0.724
Pteronotus_gymnonotus	1.36	3.0789623596587	9.48000921219507	1.134
Pteronotus_parnellii_mesoamericanus	1.573	3.0789623596587	9.48000921219507	1.305
Pteronotus_personatus	1.193	3.0789623596587	9.48000921219507	0.908
Rhinolophus_cornutus	1.149	3.0789623596587	9.48000921219507	0.82
Rhinolophus_eloquens	1.476	3.0789623596587	9.48000921219507	1.281
Rhinolophus_hipposideros	1.093	3.0789623596587	9.48000921219507	0.663
Rhinolophus_landeri	1.324	3.0789623596587	9.48000921219507	0.987
Rhinolophus_lepidus	1.149	3.0789623596587	9.48000921219507	0.778
Rhinolophus_luctus	1.667	3.0789623596587	9.48000921219507	1.516
Rhinolophus_macrotis	1.173	3.0789623596587	9.48000921219507	0.799
Rhinolophus_malayanus	1.167	3.0789623596587	9.48000921219507	0.806
Rhinolophus_megaphyllus	1.253	3.0789623596587	9.48000921219507	0.991
Rhinolophus_pearsonii	1.407	3.0789623596587	9.48000921219507	1.143
Rhinolophus_pusillus	1.093	3.0789623596587	9.48000921219507	0.672
Rhinolophus_trifoliatus	1.449	3.0789623596587	9.48000921219507	1.164
Rhinolophus_yunnanensis	1.516	3.0789623596587	9.48000921219507	1.371
Rhinonicteris_aurantia	1.248	3.0789623596587	9.48000921219507	0.934
Rhinophylla_pumilio	1.375	3.0789623596587	9.48000921219507	0.949
Rhinopoma_hardwickii	1.391	3.0789623596587	9.48000921219507	1.111
Rhinopoma_microphyllum	1.507	3.0789623596587	9.48000921219507	1.468
Rhogeessa_parvula	0.968	3.0789623596587	9.48000921219507	0.653
Rhynchonycteris_naso	0.973	3.0789623596587	9.48000921219507	0.58
Saccopteryx_bilineata	1.27	3.0789623596587	9.48000921219507	0.924
Saccopteryx_canescens	1.041	3.0789623596587	9.48000921219507	0.531
Saccopteryx_leptura	1.124	3.0789623596587	9.48000921219507	0.708
Scotomanes_ornatus	1.519	3.0789623596587	9.48000921219507	1.338
Scotophilus_dinganii	1.544	3.0789623596587	9.48000921219507	1.386
Scotophilus_kuhlii	1.458	3.0789623596587	9.48000921219507	1.31
Sphaeronycteris_toxophyllum	1.615	3.0789623596587	9.48000921219507	1.265
Sturnira_lilium	1.657	3.0789623596587	9.48000921219507	1.305
Sturnira_ludovici	1.702	3.0789623596587	9.48000921219507	1.413
Sturnira_tildae	1.703	3.0789623596587	9.48000921219507	1.387
Tadarida_aegyptiaca	1.483	3.0789623596587	9.48000921219507	1.248
Taphozous_australis	1.566	3.0789623596587	9.48000921219507	1.38
Taphozous_hildegardeae	1.579	3.0789623596587	9.48000921219507	1.438
Taphozous_mauritianus	1.626	3.0789623596587	9.48000921219507	1.462
Taphozous_melanopogon	1.583	3.0789623596587	9.48000921219507	1.356
Tonatia_bidens	1.73	3.0789623596587	9.48000921219507	1.468
Lophostoma_schulzi	1.568	3.0789623596587	9.48000921219507	1.328
Trachops_cirrhosus	1.829	3.0789623596587	9.48000921219507	1.567
Triaenops_persicus	1.25	3.0789623596587	9.48000921219507	1.137
Tylonycteris_pachypus	0.826	3.0789623596587	9.48000921219507	0.681
Tylonycteris_robustula	0.964	3.0789623596587	9.48000921219507	0.857
Uroderma_bilobatum	1.635	3.0789623596587	9.48000921219507	1.21
Vampyressa_pusilla	1.431	3.0789623596587	9.48000921219507	0.934
Vampyrum_spectrum	2.294	3.0789623596587	9.48000921219507	2.238
Alouatta_seniculus	3.524	3.0789623596587	9.48000921219507	3.806
Aotus_trivirgatus	3.041	3.0789623596587	9.48000921219507	2.919
Ateles_geoffroyi	3.727	3.0789623596587	9.48000921219507	3.903
Avahi_laniger	2.936	3.0789623596587	9.48000921219507	3.109
Plecturocebus_moloch	3.138	3.0789623596587	9.48000921219507	2.954
Callimico_goeldii	2.869	3.0789623596587	9.48000921219507	2.681
Callithrix_jacchus	2.744	3.0789623596587	9.48000921219507	2.447
Cebuella_pygmaea	2.534	3.0789623596587	9.48000921219507	2.146
Cebus_albifrons	3.602	3.0789623596587	9.48000921219507	3.491
Cercopithecus_ascanius	3.557	3.0789623596587	9.48000921219507	3.531
Cercopithecus_mitis_mitis	3.621	3.0789623596587	9.48000921219507	3.799
Cheirogaleus_major	2.689	3.0789623596587	9.48000921219507	2.653
Cheirogaleus_medius	2.371	3.0789623596587	9.48000921219507	2.248
Daubentonia_madagascariensis	3.549	3.0789623596587	9.48000921219507	3.447
Erythrocebus_patas	3.734	3.0789623596587	9.48000921219507	3.892
Eulemur_fulvus_fulvus	3.234	3.0789623596587	9.48000921219507	3.146
Galago_senegalensis	2.582	3.0789623596587	9.48000921219507	2.27
Galagoides_demidoff	2.391	3.0789623596587	9.48000921219507	1.908
Gorilla_gorilla	4.287	3.0789623596587	9.48000921219507	5.021
Homo_sapiens	4.523	3.0789623596587	9.48000921219507	4.813
Hylobates_lar	3.757	3.0789623596587	9.48000921219507	3.756
Indri_indri	3.464	3.0789623596587	9.48000921219507	3.796
Lagothrix_lagotricha	3.757	3.0789623596587	9.48000921219507	3.716
Lepilemur_mustelinus	2.773	3.0789623596587	9.48000921219507	2.961
Lophocebus_albigena	3.728	3.0789623596587	9.48000921219507	3.898
Loris_tardigradus_tardigradus	2.731	3.0789623596587	9.48000921219507	2.508
Macaca_mulatta	3.651	3.0789623596587	9.48000921219507	3.892
Microcebus_murinus	2.127	3.0789623596587	9.48000921219507	1.732
Miopithecus_talapoin	3.376	3.0789623596587	9.48000921219507	3.079
Nasalis_larvatus	3.725	3.0789623596587	9.48000921219507	4.146
Nycticebus_coucang	3.032	3.0789623596587	9.48000921219507	2.903
Otolemur_crassicaudatus	2.895	3.0789623596587	9.48000921219507	2.929
Pan_troglodytes	4.187	3.0789623596587	9.48000921219507	4.663
Papio_cynocephalus	3.968	3.0789623596587	9.48000921219507	4.398
Perodicticus_potto	3.01	3.0789623596587	9.48000921219507	3.061
Pithecia_monachus	3.359	3.0789623596587	9.48000921219507	3.176
Piliocolobus_badius	3.596	3.0789623596587	9.48000921219507	3.845
Propithecus_verreauxi	3.341	3.0789623596587	9.48000921219507	3.542
Pygathrix_nemaeus	3.675	3.0789623596587	9.48000921219507	3.875
Saguinus_midas	2.84	3.0789623596587	9.48000921219507	2.531
Saguinus_oedipus	2.877	3.0789623596587	9.48000921219507	2.58
Saimiri_sciureus_sciureus	3.155	3.0789623596587	9.48000921219507	2.82
Tarsius_tarsier	2.481	3.0789623596587	9.48000921219507	2.097
Varecia_variegata	3.403	3.0789623596587	9.48000921219507	3.477
