Species_TTOL	MED	rest_of_brain	BOD
Anourosorex_squamipes	1.644	3.0789623596587	1.307
Atelerix_algirus	2.535	3.0789623596587	2.867
Blarina_brevicauda	1.633	3.0789623596587	1.267
Chrysochloris_asiatica	1.767	3.0789623596587	1.69
Chrysochloris_stuhlmanni	1.833	3.0789623596587	1.626
Crocidura_attenuata	1.511	3.0789623596587	0.968
Crocidura_flavescens	1.777	3.0789623596587	1.467
Crocidura_hildegardeae	1.497	3.0789623596587	0.996
Crocidura_denti	1.626	3.0789623596587	1.079
Crocidura_russula	1.458	3.0789623596587	1.049
Crocidura_suaveolens	1.431	3.0789623596587	1.013
Cryptotis_parvus	1.479	3.0789623596587	0.991226075692495
Desmana_moschata	2.605	3.0789623596587	2.646
Echinops_telfairi	1.956	3.0789623596587	1.942
Echinosorex_gymnura	2.794	3.0789623596587	2.921
Erinaceus_europaeus	2.525	3.0789623596587	2.929
Euroscaptor_micrura	1.887	3.0789623596587	1.617
Galemys_pyrenaicus	2.168	3.0789623596587	1.778
Geogale_aurita	1.531	3.0789623596587	1
Hemicentetes_semispinosus	2.068	3.0789623596587	2.062
Hemiechinus_auritus	2.268	3.0789623596587	2.371
Hylomys_suillus	2.098	3.0789623596587	1.756
Limnogale_mergulus	2.309	3.0789623596587	1.964
Microgale_dobsoni	1.769	3.0789623596587	1.504
Microgale_talazaci	1.924	3.0789623596587	1.683
Micropotamogale_lamottei	2.13	3.0789623596587	1.808
Micropotamogale_ruwenzorii	2.297	3.0789623596587	1.986
Myosorex_sclateri	1.665	3.0789623596587	1.23
Neomys_anomalus	1.534	3.0789623596587	1.037
Neomys_fodiens	1.656	3.0789623596587	1.182
Oryzorictes_hova	1.785	3.0789623596587	1.645
Parascalops_breweri	1.873	3.0789623596587	1.731
Potamogale_velox	2.859	3.0789623596587	2.791
Ruwenzorisorex_suncoides	1.74	3.0789623596587	1.262
Scalopus_aquaticus	2.074	3.0789623596587	2.061
Scutisorex_somereni	1.919	3.0789623596587	1.792
Setifer_setosus	2.257	3.0789623596587	2.373
Solenodon_paradoxus	2.674	3.0789623596587	2.826
Sorex_alpinus	1.496	3.0789623596587	1.033
Sorex_araneus	1.464	3.0789623596587	0.987
Sorex_cinereus	1.236	3.0789623596587	0.633
Sorex_fumeus	1.354	3.0789623596587	0.924
Sorex_hoyi	1.037	3.0789623596587	0.42
Sorex_minutus	1.176	3.0789623596587	0.633
Suncus_etruscus	1.045	3.0789623596587	0.762
Suncus_murinus	1.736	3.0789623596587	1.529
Sylvisorex_granti	1.332	3.0789623596587	0.591
Suncus_megalura	1.428	3.0789623596587	0.74
Talpa_europaea	1.981	3.0789623596587	1.908
Tenrec_ecaudatus	2.499	3.0789623596587	2.935
Aepyprymnus_rufescens	3.004321	3.0789623596587	3.392697
Antechinus_flavipes	1.965672	3.0789623596587	1.568202
Antechinus_minimus	2.0103	3.0789623596587	1.724276
Bettongia_gaimardi	2.963504	3.0789623596587	3.176091
Bettongia_penicillata	2.882126	3.0789623596587	3.079181
Burramys_parvus	2.023664	3.0789623596587	1.770852
Cercartetus_nanus	1.827369	3.0789623596587	1.278754
Dactylopsila_trivirgata	2.634779	3.0789623596587	2.643453
Dasycercus_cristicauda	2.304921	3.0789623596587	2
Dasyuroides_byrnei	2.349278	3.0789623596587	2.146128
Dasyurus_geoffroii	2.81961	3.0789623596587	2.69897
Dasyurus_hallucatus	2.555699	3.0789623596587	3.021189
Dendrolagus_lumholtzi	3.220892	3.0789623596587	3.78533
Distoechurus_pennatus	2.067443	3.0789623596587	1.633468
Dorcopsis	3.129368	3.0789623596587	3.462398
Echymipera_kalubu	2.626853	3.0789623596587	2.819544
Gymnobelideus_leadbeateri	2.300813	3.0789623596587	2.041393
Hypsiprymnodon_moschatus	2.639486	3.0789623596587	2.748188
Isoodon_macrourus	2.656769	3.0789623596587	3.033424
Isoodon_obesulus_obesulus	2.677424	3.0789623596587	3.004321
Osphranter_antilopinus	3.603469	3.0789623596587	4.537819
Macropus_giganteus	3.580469	3.0789623596587	4.563481
Notamacropus_irma	3.26529	3.0789623596587	3.819544
Notamacropus_parma	3.11059	3.0789623596587	3.536558
Notamacropus_parryi	3.404834	3.0789623596587	4.170262
Osphranter_robustus	3.515344	3.0789623596587	4.409933
Osphranter_rufus	3.362963	3.0789623596587	4.494155
Thylamys_pallidior	1.853698	3.0789623596587	1.477121
Marmosops_impavidus	2.073718	3.0789623596587	1.845098
Monodelphis_brevicaudata	2.05038	3.0789623596587	1.924279
Notoryctes_typhlops	1.818226	3.0789623596587	1.531479
Petauroides_volans	2.697752	3.0789623596587	3.09691
Petaurus_australis	2.634578	3.0789623596587	2.748188
Petaurus_breviceps	2.334856	3.0789623596587	2.113943
Petaurus_norfolcensis	2.429752	3.0789623596587	2.374748
Petrogale_inornata	3.138934	3.0789623596587	3.628389
Petrogale_lateralis	3.045714	3.0789623596587	3.556303
Petrogale_penicillata	3.242044	3.0789623596587	3.690196
Petrogale_purpureicollis	3.137987	3.0789623596587	3.740363
Petropseudes_dahli	2.800098	3.0789623596587	3.127105
Phascolarctos_cinereus	3.219323	3.0789623596587	3.968483
Planigale_ingrami	1.332438	3.0789623596587	0.826075
Planigale_maculata	1.60206	3.0789623596587	1.041393
Potorous_tridactylus_tridactylus	2.89304	3.0789623596587	3.089905
Pseudochirulus_canescens	2.424718	3.0789623596587	2.447158
Pseudochirulus_forbesi	2.542825	3.0789623596587	2.70757
Sarcophilus_harrisii	3.161667	3.0789623596587	3.732394
Sminthopsis_crassicaudata	1.700704	3.0789623596587	1.146128
Sminthopsis_leucopus	1.866287	3.0789623596587	1.361728
Phalanger_gymnotis	3.028164	3.0789623596587	3.451786
Thylacinus_cynocephalus	3.716087	3.0789623596587	4.342423
Thylogale_billardierii	3.266702	3.0789623596587	3.845098
Thylogale_stigmatica	3.216166	3.0789623596587	3.653213
Trichosurus_vulpecula	2.984752	3.0789623596587	3.30103
Vombatus_ursinus	3.62995	3.0789623596587	4.357935
Wallabia_bicolor	3.475235	3.0789623596587	4.198657
Balionycteris_maculata	1.591	3.0789623596587	1.158
Casinycteris_argynnis	1.839	3.0789623596587	1.428
Chironax_melanocephalus	1.643	3.0789623596587	1.248
Cynopterus_brachyotis	1.833	3.0789623596587	1.53
Cynopterus_horsfieldii	1.968	3.0789623596587	1.773
Cynopterus_sphinx	1.924	3.0789623596587	1.713
Dobsonia_inermis	2.238	3.0789623596587	2.173
Dobsonia_moluccensis	2.431	3.0789623596587	2.543
Dobsonia_praedatrix	2.286	3.0789623596587	2.25
Eidolon_helvum	2.437	3.0789623596587	2.418
Eonycteris_spelaea	1.981	3.0789623596587	1.769
Epomophorus_labiatus	2.061	3.0789623596587	1.806
Epomops_franqueti	2.241	3.0789623596587	2.072
Hypsignathus_monstrosus	2.451	3.0789623596587	2.491
Macroglossus_minimus	1.616	3.0789623596587	1.164
Megaerops_ecaudatus	1.732	3.0789623596587	1.38
Megaloglossus_woermanni	1.709	3.0789623596587	1.253
Melonycteris_melanops	1.92	3.0789623596587	1.675
Melonycteris_woodfordi	1.853	3.0789623596587	1.549
Epomophorus_pusillus	1.803	3.0789623596587	1.4
Myonycteris_torquata	1.915	3.0789623596587	1.561
Notopteris_macdonaldi	2.027	3.0789623596587	1.841
Nyctimene_albiventer	1.787	3.0789623596587	1.473
Nyctimene_robinsoni	1.923	3.0789623596587	1.673
Nyctimene_vizcaccia	1.851	3.0789623596587	1.549
Paranyctimene_raptor	1.713	3.0789623596587	1.417
Pteropus_alecto	2.593	3.0789623596587	2.775
Pteropus_conspicillatus	2.616	3.0789623596587	2.875
Pteropus_hypomelanus	2.502	3.0789623596587	2.591
Pteropus_lylei	2.513	3.0789623596587	2.497
Pteropus_neohibernicus	2.679	3.0789623596587	2.924
Pteropus_poliocephalus	2.635	3.0789623596587	2.842
Pteropus_samoensis	2.513	3.0789623596587	2.491
Pteropus_scapulatus	2.454	3.0789623596587	2.574
Pteropus_temminckii	2.436	3.0789623596587	2.398
Pteropus_tonganus	2.56	3.0789623596587	2.652
Pteropus_vampyrus	2.652	3.0789623596587	3.027
Rousettus_aegyptiacus	2.182	3.0789623596587	2.111
Rousettus_amplexicaudatus	2.042	3.0789623596587	1.856
Scotonycteris_zenkeri	1.748	3.0789623596587	1.328
Sphaerias_blanfordi	1.839	3.0789623596587	1.47
Syconycteris_australis	1.623	3.0789623596587	1.207
Anoura_caudifer	1.591	3.0789623596587	1.025
Anoura_geoffroyi	1.716	3.0789623596587	1.204
Ardops_nichollsi	1.696	3.0789623596587	1.352
Artibeus_cinereus	1.618	3.0789623596587	1.1
Artibeus_concolor	1.742	3.0789623596587	1.288
Artibeus_jamaicensis	1.923	3.0789623596587	1.613
Artibeus_lituratus	1.976	3.0789623596587	1.748
Aselliscus_stoliczkanus	1.356	3.0789623596587	0.69
Aselliscus_tricuspidatus	1.294	3.0789623596587	0.643
Brachyphylla_cavernarum	2.026	3.0789623596587	1.648
Cardioderma_cor	1.854	3.0789623596587	1.415
Carollia_perspicillata	1.691	3.0789623596587	1.25
Chalinolobus_gouldii	1.528	3.0789623596587	1.068
Chalinolobus_morio	1.447	3.0789623596587	0.919
Chiroderma_salvini	1.851	3.0789623596587	1.417
Chiroderma_trinitatum	1.66	3.0789623596587	1.137
Chiroderma_villosum	1.794	3.0789623596587	1.394
Choeroniscus_minor	1.547	3.0789623596587	0.982
Coleura_afra	1.52	3.0789623596587	1.061
Cormura_brevirostris	1.438	3.0789623596587	0.914
Craseonycteris_thonglongyai	1.127	3.0789623596587	0.408
Desmodus_rotundus	1.903	3.0789623596587	1.56
Diphylla_ecaudata	1.8	3.0789623596587	1.49
Emballonura_monticola	1.322	3.0789623596587	0.724
Emballonura_raffrayana	1.364	3.0789623596587	0.771
Eptesicus_brasiliensis	1.417	3.0789623596587	0.964
Eptesicus_fuscus_bahamensis	1.493	3.0789623596587	1.134
Eumops_auripendulus	1.904	3.0789623596587	1.529
Eumops_glaucinus	1.915	3.0789623596587	1.562
Furipterus_horrens	1.212	3.0789623596587	0.535
Glischropus_tylopus	1.212	3.0789623596587	0.69
Glossophaga_longirostris	1.624	3.0789623596587	1.053
Glossophaga_soricina	1.579	3.0789623596587	0.996
Harpiocephalus_harpia	1.634	3.0789623596587	1.13
Hesperoptenus_blanfordi	1.394	3.0789623596587	0.863
Hipposideros_armiger	2.024	3.0789623596587	1.748
Hipposideros_ater	1.455	3.0789623596587	0.839
Hipposideros_caffer	1.592	3.0789623596587	1.041
Macronycteris_commersoni	1.937	3.0789623596587	1.997
Hipposideros_diadema	1.943	3.0789623596587	1.622
Hipposideros_fulvus	1.529	3.0789623596587	0.845
Hipposideros_lankadiva	1.968	3.0789623596587	1.686
Hipposideros_larvatus	1.703	3.0789623596587	1.312
Hipposideros_ridleyi	1.559	3.0789623596587	0.982
Hipposideros_speoris	1.62	3.0789623596587	1.061
Hipposideros_turpis	1.865	3.0789623596587	1.542
Ia_io	1.979	3.0789623596587	1.727
Kerivoula_papillosa	1.534	3.0789623596587	1.004
Lasiurus_borealis	1.369	3.0789623596587	0.892
Leptonycteris_curasoae	1.794	3.0789623596587	1.389
Leptonycteris_nivalis	1.748	3.0789623596587	1.358
Lonchophylla_mordax	1.656	3.0789623596587	1.029
Hsunycteris_thomasi	1.494	3.0789623596587	0.839
Lophostoma_silvicolum	1.935	3.0789623596587	1.509
Macroderma_gigas	2.271	3.0789623596587	2.078
Macrophyllum_macrophyllum	1.59	3.0789623596587	0.934
Megaderma_lyra	2.022	3.0789623596587	1.587
Megaderma_spasma	1.824	3.0789623596587	1.354
Mesophylla_macconnelli	1.524	3.0789623596587	0.875
Micronycteris_brachyotis	1.643	3.0789623596587	1.167
Micronycteris_megalotis	1.493	3.0789623596587	0.813
Micronycteris_minuta	1.453	3.0789623596587	0.839
Micronycteris_schmidtorum	1.479	3.0789623596587	0.892
Gardnerycteris_crenulatum	1.549	3.0789623596587	1.072
Miniopterus_australis	1.435	3.0789623596587	0.851
Miniopterus_inflatus	1.641	3.0789623596587	1.173
Miniopterus_magnater	1.619	3.0789623596587	1.176
Miniopterus_pusillus	1.456	3.0789623596587	0.934
Miniopterus_tristis	1.645	3.0789623596587	1.193
Molossus_molossus	1.629	3.0789623596587	1.137
Molossus_rufus	1.82	3.0789623596587	1.526
Monophyllus_plethodon	1.655	3.0789623596587	1.176
Mormoops_megalophylla	1.663	3.0789623596587	1.196
Murina_cyclotis	1.459	3.0789623596587	0.851
Murina_huttoni	1.431	3.0789623596587	0.944
Myotis_adversus	1.548	3.0789623596587	1.049
Myotis_albescens	1.258	3.0789623596587	0.602
Myotis_annectans	1.489	3.0789623596587	0.991
Myotis_bechsteinii	1.595	3.0789623596587	0.978
Myotis_bocagii	1.394	3.0789623596587	0.845
Myotis_dasycneme	1.693	3.0789623596587	1.176
Myotis_myotis	1.847	3.0789623596587	1.408
Myotis_nigricans	1.233	3.0789623596587	0.663
Myotis_siligorensis	1.185	3.0789623596587	0.539
Natalus_tumidirostris	1.425	3.0789623596587	0.839
Noctilio_albiventris	1.82	3.0789623596587	1.515
Noctilio_leporinus	2.095	3.0789623596587	1.763
Nyctalus_noctula	1.76	3.0789623596587	1.431
Nycteris_arge	1.612	3.0789623596587	1.025
Nycteris_grandis	1.905	3.0789623596587	1.474
Nycteris_hispida	1.484	3.0789623596587	0.892
Nycteris_javanica	1.744	3.0789623596587	1.265
Nycteris_macrotis	1.679	3.0789623596587	1.161
Nycteris_thebaica	1.598	3.0789623596587	0.949
Nyctophilus_geoffroyi	1.334	3.0789623596587	0.857
Otomops_martiensseni	1.952	3.0789623596587	1.618
Peropteryx_macrotis	1.307	3.0789623596587	0.748
Phylloderma_stenops	1.995	3.0789623596587	1.664
Phyllostomus_discolor	1.96	3.0789623596587	1.563
Phyllostomus_elongatus	1.963	3.0789623596587	1.652
Phyllostomus_hastatus	2.147	3.0789623596587	1.963
Pipistrellus_javanicus	1.26	3.0789623596587	0.653
Pipistrellus_tenuis	1.179	3.0789623596587	0.591
Afronycteris_nana	1.182	3.0789623596587	0.591
Hypsugo_pulveratus	1.318	3.0789623596587	0.724
Perimyotis_subflavus	1.262	3.0789623596587	0.724
Pteronotus_gymnonotus	1.648	3.0789623596587	1.134
Pteronotus_parnellii_mesoamericanus	1.797	3.0789623596587	1.305
Pteronotus_personatus	1.458	3.0789623596587	0.908
Rhinolophus_cornutus	1.377	3.0789623596587	0.82
Rhinolophus_eloquens	1.699	3.0789623596587	1.281
Rhinolophus_hipposideros	1.362	3.0789623596587	0.663
Rhinolophus_landeri	1.548	3.0789623596587	0.987
Rhinolophus_lepidus	1.403	3.0789623596587	0.778
Rhinolophus_luctus	1.829	3.0789623596587	1.516
Rhinolophus_macrotis	1.456	3.0789623596587	0.799
Rhinolophus_malayanus	1.436	3.0789623596587	0.806
Rhinolophus_megaphyllus	1.505	3.0789623596587	0.991
Rhinolophus_pearsonii	1.59	3.0789623596587	1.143
Rhinolophus_pusillus	1.336	3.0789623596587	0.672
Rhinolophus_trifoliatus	1.631	3.0789623596587	1.164
Rhinolophus_yunnanensis	1.712	3.0789623596587	1.371
Rhinonicteris_aurantia	1.493	3.0789623596587	0.934
Rhinophylla_pumilio	1.502	3.0789623596587	0.949
Rhinopoma_hardwickii	1.554	3.0789623596587	1.111
Rhinopoma_microphyllum	1.71	3.0789623596587	1.468
Rhogeessa_parvula	1.238	3.0789623596587	0.653
Rhynchonycteris_naso	1.196	3.0789623596587	0.58
Saccopteryx_bilineata	1.435	3.0789623596587	0.924
Saccopteryx_canescens	1.238	3.0789623596587	0.531
Saccopteryx_leptura	1.324	3.0789623596587	0.708
Scotomanes_ornatus	1.74	3.0789623596587	1.338
Scotophilus_dinganii	1.765	3.0789623596587	1.386
Scotophilus_kuhlii	1.688	3.0789623596587	1.31
Sphaeronycteris_toxophyllum	1.823	3.0789623596587	1.265
Sturnira_lilium	1.707	3.0789623596587	1.305
Sturnira_ludovici	1.802	3.0789623596587	1.413
Sturnira_tildae	1.734	3.0789623596587	1.387
Tadarida_aegyptiaca	1.732	3.0789623596587	1.248
Taphozous_australis	1.818	3.0789623596587	1.38
Taphozous_hildegardeae	1.836	3.0789623596587	1.438
Taphozous_mauritianus	1.848	3.0789623596587	1.462
Taphozous_melanopogon	1.826	3.0789623596587	1.356
Tonatia_bidens	1.897	3.0789623596587	1.468
Lophostoma_schulzi	1.775	3.0789623596587	1.328
Trachops_cirrhosus	1.989	3.0789623596587	1.567
Triaenops_persicus	1.588	3.0789623596587	1.137
Tylonycteris_pachypus	1.173	3.0789623596587	0.681
Tylonycteris_robustula	1.297	3.0789623596587	0.857
Uroderma_bilobatum	1.707	3.0789623596587	1.21
Vampyressa_pusilla	1.511	3.0789623596587	0.934
Vampyrum_spectrum	2.368	3.0789623596587	2.238
Alouatta_seniculus	3.202	3.0789623596587	3.806
Aotus_trivirgatus	2.836	3.0789623596587	2.919
Ateles_geoffroyi	3.263	3.0789623596587	3.903
Avahi_laniger	2.743	3.0789623596587	3.109
Plecturocebus_moloch	2.896	3.0789623596587	2.954
Callimico_goeldii	2.663	3.0789623596587	2.681
Callithrix_jacchus	2.502	3.0789623596587	2.447
Cebuella_pygmaea	2.303	3.0789623596587	2.146
Cebus_albifrons	3.24	3.0789623596587	3.491
Cercopithecus_ascanius	3.213	3.0789623596587	3.531
Cercopithecus_mitis_mitis	3.301	3.0789623596587	3.799
Cheirogaleus_major	2.582	3.0789623596587	2.653
Cheirogaleus_medius	2.305	3.0789623596587	2.248
Daubentonia_madagascariensis	3.181	3.0789623596587	3.447
Erythrocebus_patas	3.418	3.0789623596587	3.892
Eulemur_fulvus_fulvus	2.959	3.0789623596587	3.146
Galago_senegalensis	2.405	3.0789623596587	2.27
Galagoides_demidoff	2.228	3.0789623596587	1.908
Gorilla_gorilla	3.876	3.0789623596587	5.021
Homo_sapiens	3.983	3.0789623596587	4.813
Hylobates_lar	3.352	3.0789623596587	3.756
Indri_indri	3.128	3.0789623596587	3.796
Lagothrix_lagotricha	3.324	3.0789623596587	3.716
Lepilemur_mustelinus	2.652	3.0789623596587	2.961
Lophocebus_albigena	3.433	3.0789623596587	3.898
Loris_tardigradus_tardigradus	2.367	3.0789623596587	2.508
Macaca_mulatta	3.299	3.0789623596587	3.892
Microcebus_murinus	1.996	3.0789623596587	1.732
Miopithecus_talapoin	3.015	3.0789623596587	3.079
Nasalis_larvatus	3.469	3.0789623596587	4.146
Nycticebus_coucang	2.723	3.0789623596587	2.903
Otolemur_crassicaudatus	2.732	3.0789623596587	2.929
Pan_troglodytes	3.765	3.0789623596587	4.663
Papio_cynocephalus	3.724	3.0789623596587	4.398
Perodicticus_potto	2.833	3.0789623596587	3.061
Pithecia_monachus	3.004	3.0789623596587	3.176
Piliocolobus_badius	3.303	3.0789623596587	3.845
Propithecus_verreauxi	3.087	3.0789623596587	3.542
Pygathrix_nemaeus	3.344	3.0789623596587	3.875
Saguinus_midas	2.631	3.0789623596587	2.531
Saguinus_oedipus	2.616	3.0789623596587	2.58
Saimiri_sciureus_sciureus	2.859	3.0789623596587	2.82
Tarsius_tarsier	2.316	3.0789623596587	2.097
Varecia_variegata	3.152	3.0789623596587	3.477
