Species_TTOL	MES	rest_of_brain	rest_of_brain2	BOD
Anourosorex_squamipes	1.274	3.0789623596587	9.48000921219507	1.307
Atelerix_algirus	2.194	3.0789623596587	9.48000921219507	2.867
Blarina_brevicauda	1.274	3.0789623596587	9.48000921219507	1.267
Chrysochloris_asiatica	1.635	3.0789623596587	9.48000921219507	1.69
Chrysochloris_stuhlmanni	1.62	3.0789623596587	9.48000921219507	1.626
Crocidura_attenuata	1.176	3.0789623596587	9.48000921219507	0.968
Crocidura_flavescens	1.427	3.0789623596587	9.48000921219507	1.467
Crocidura_hildegardeae	1.173	3.0789623596587	9.48000921219507	0.996
Crocidura_denti	1.253	3.0789623596587	9.48000921219507	1.079
Crocidura_russula	1.137	3.0789623596587	9.48000921219507	1.049
Crocidura_suaveolens	1.137	3.0789623596587	9.48000921219507	1.013
Cryptotis_parvus	1.104	3.0789623596587	9.48000921219507	0.991226075692495
Desmana_moschata	2.34	3.0789623596587	9.48000921219507	2.646
Echinops_telfairi	1.643	3.0789623596587	9.48000921219507	1.942
Echinosorex_gymnura	2.557	3.0789623596587	9.48000921219507	2.921
Erinaceus_europaeus	2.18	3.0789623596587	9.48000921219507	2.929
Euroscaptor_micrura	1.653	3.0789623596587	9.48000921219507	1.617
Galemys_pyrenaicus	1.793	3.0789623596587	9.48000921219507	1.778
Geogale_aurita	1.104	3.0789623596587	9.48000921219507	1
Hemicentetes_semispinosus	1.662	3.0789623596587	9.48000921219507	2.062
Hemiechinus_auritus	2.037	3.0789623596587	9.48000921219507	2.371
Hylomys_suillus	1.924	3.0789623596587	9.48000921219507	1.756
Limnogale_mergulus	1.829	3.0789623596587	9.48000921219507	1.964
Microgale_dobsoni	1.575	3.0789623596587	9.48000921219507	1.504
Microgale_talazaci	1.658	3.0789623596587	9.48000921219507	1.683
Micropotamogale_lamottei	1.768	3.0789623596587	9.48000921219507	1.808
Micropotamogale_ruwenzorii	1.86	3.0789623596587	9.48000921219507	1.986
Myosorex_sclateri	1.279	3.0789623596587	9.48000921219507	1.23
Neomys_anomalus	1.204	3.0789623596587	9.48000921219507	1.037
Neomys_fodiens	1.283	3.0789623596587	9.48000921219507	1.182
Oryzorictes_hova	1.425	3.0789623596587	9.48000921219507	1.645
Parascalops_breweri	1.551	3.0789623596587	9.48000921219507	1.731
Potamogale_velox	2.415	3.0789623596587	9.48000921219507	2.791
Ruwenzorisorex_suncoides	1.398	3.0789623596587	9.48000921219507	1.262
Scalopus_aquaticus	1.761	3.0789623596587	9.48000921219507	2.061
Scutisorex_somereni	1.563	3.0789623596587	9.48000921219507	1.792
Setifer_setosus	1.884	3.0789623596587	9.48000921219507	2.373
Solenodon_paradoxus	2.32	3.0789623596587	9.48000921219507	2.826
Sorex_alpinus	1.097	3.0789623596587	9.48000921219507	1.033
Sorex_araneus	1.061	3.0789623596587	9.48000921219507	0.987
Sorex_cinereus	0.919	3.0789623596587	9.48000921219507	0.633
Sorex_fumeus	1.045	3.0789623596587	9.48000921219507	0.924
Sorex_hoyi	0.681	3.0789623596587	9.48000921219507	0.42
Sorex_minutus	0.806	3.0789623596587	9.48000921219507	0.633
Suncus_etruscus	0.672	3.0789623596587	9.48000921219507	0.762
Suncus_murinus	1.391	3.0789623596587	9.48000921219507	1.529
Sylvisorex_granti	1.057	3.0789623596587	9.48000921219507	0.591
Suncus_megalura	1.152	3.0789623596587	9.48000921219507	0.74
Talpa_europaea	1.699	3.0789623596587	9.48000921219507	1.908
Tenrec_ecaudatus	2.125	3.0789623596587	9.48000921219507	2.935
Aepyprymnus_rufescens	2.811106	3.0789623596587	9.48000921219507	3.392697
Antechinus_flavipes	1.729165	3.0789623596587	9.48000921219507	1.568202
Antechinus_minimus	1.763428	3.0789623596587	9.48000921219507	1.724276
Bettongia_gaimardi	2.796505	3.0789623596587	9.48000921219507	3.176091
Bettongia_penicillata	2.726972	3.0789623596587	9.48000921219507	3.079181
Burramys_parvus	1.802774	3.0789623596587	9.48000921219507	1.770852
Cercartetus_nanus	1.669317	3.0789623596587	9.48000921219507	1.278754
Dactylopsila_trivirgata	2.436163	3.0789623596587	9.48000921219507	2.643453
Dasycercus_cristicauda	2.124178	3.0789623596587	9.48000921219507	2
Dasyuroides_byrnei	2.148603	3.0789623596587	9.48000921219507	2.146128
Dasyurus_geoffroii	2.611405	3.0789623596587	9.48000921219507	2.69897
Dasyurus_hallucatus	2.367169	3.0789623596587	9.48000921219507	3.021189
Dendrolagus_lumholtzi	2.977037	3.0789623596587	9.48000921219507	3.78533
Distoechurus_pennatus	1.839478	3.0789623596587	9.48000921219507	1.633468
Dorcopsis	2.934902	3.0789623596587	9.48000921219507	3.462398
Echymipera_kalubu	2.416141	3.0789623596587	9.48000921219507	2.819544
Gymnobelideus_leadbeateri	2.144263	3.0789623596587	9.48000921219507	2.041393
Hypsiprymnodon_moschatus	2.50147	3.0789623596587	9.48000921219507	2.748188
Isoodon_macrourus	2.417804	3.0789623596587	9.48000921219507	3.033424
Isoodon_obesulus_obesulus	2.495128	3.0789623596587	9.48000921219507	3.004321
Osphranter_antilopinus	3.373464	3.0789623596587	9.48000921219507	4.537819
Macropus_giganteus	3.390759	3.0789623596587	9.48000921219507	4.563481
Notamacropus_irma	3.071145	3.0789623596587	9.48000921219507	3.819544
Notamacropus_parma	2.969882	3.0789623596587	9.48000921219507	3.536558
Notamacropus_parryi	3.196176	3.0789623596587	9.48000921219507	4.170262
Osphranter_robustus	3.260548	3.0789623596587	9.48000921219507	4.409933
Osphranter_rufus	3.387034	3.0789623596587	9.48000921219507	4.494155
Thylamys_pallidior	1.793092	3.0789623596587	9.48000921219507	1.477121
Marmosops_impavidus	2.011993	3.0789623596587	9.48000921219507	1.845098
Monodelphis_brevicaudata	1.914872	3.0789623596587	9.48000921219507	1.924279
Notoryctes_typhlops	1.662758	3.0789623596587	9.48000921219507	1.531479
Petauroides_volans	2.580925	3.0789623596587	9.48000921219507	3.09691
Petaurus_australis	2.467756	3.0789623596587	9.48000921219507	2.748188
Petaurus_breviceps	2.209515	3.0789623596587	9.48000921219507	2.113943
Petaurus_norfolcensis	2.276002	3.0789623596587	9.48000921219507	2.374748
Petrogale_inornata	2.918502	3.0789623596587	9.48000921219507	3.628389
Petrogale_lateralis	2.8238	3.0789623596587	9.48000921219507	3.556303
Petrogale_penicillata	3.071514	3.0789623596587	9.48000921219507	3.690196
Petrogale_purpureicollis	2.959852	3.0789623596587	9.48000921219507	3.740363
Petropseudes_dahli	2.574379	3.0789623596587	9.48000921219507	3.127105
Phascolarctos_cinereus	2.994361	3.0789623596587	9.48000921219507	3.968483
Planigale_ingrami	1.041393	3.0789623596587	9.48000921219507	0.826075
Planigale_maculata	1.313867	3.0789623596587	9.48000921219507	1.041393
Potorous_tridactylus_tridactylus	2.766785	3.0789623596587	9.48000921219507	3.089905
Pseudochirulus_canescens	2.158061	3.0789623596587	9.48000921219507	2.447158
Pseudochirulus_forbesi	2.376029	3.0789623596587	9.48000921219507	2.70757
Sarcophilus_harrisii	2.940516	3.0789623596587	9.48000921219507	3.732394
Sminthopsis_crassicaudata	1.526339	3.0789623596587	9.48000921219507	1.146128
Sminthopsis_leucopus	1.635484	3.0789623596587	9.48000921219507	1.361728
Phalanger_gymnotis	2.822626	3.0789623596587	9.48000921219507	3.451786
Thylacinus_cynocephalus	3.365113	3.0789623596587	9.48000921219507	4.342423
Thylogale_billardierii	3.093772	3.0789623596587	9.48000921219507	3.845098
Thylogale_stigmatica	3.028571	3.0789623596587	9.48000921219507	3.653213
Trichosurus_vulpecula	2.769599	3.0789623596587	9.48000921219507	3.30103
Vombatus_ursinus	3.280123	3.0789623596587	9.48000921219507	4.357935
Wallabia_bicolor	3.234264	3.0789623596587	9.48000921219507	4.198657
Balionycteris_maculata	1.477	3.0789623596587	9.48000921219507	1.158
Casinycteris_argynnis	1.732	3.0789623596587	9.48000921219507	1.428
Chironax_melanocephalus	1.491	3.0789623596587	9.48000921219507	1.248
Cynopterus_brachyotis	1.708	3.0789623596587	9.48000921219507	1.53
Cynopterus_horsfieldii	1.875	3.0789623596587	9.48000921219507	1.773
Cynopterus_sphinx	1.82	3.0789623596587	9.48000921219507	1.713
Dobsonia_inermis	2.041	3.0789623596587	9.48000921219507	2.173
Dobsonia_moluccensis	2.262	3.0789623596587	9.48000921219507	2.543
Dobsonia_praedatrix	2.104	3.0789623596587	9.48000921219507	2.25
Eidolon_helvum	2.303	3.0789623596587	9.48000921219507	2.418
Eonycteris_spelaea	1.854	3.0789623596587	9.48000921219507	1.769
Epomophorus_labiatus	1.968	3.0789623596587	9.48000921219507	1.806
Epomops_franqueti	2.143	3.0789623596587	9.48000921219507	2.072
Hypsignathus_monstrosus	2.334	3.0789623596587	9.48000921219507	2.491
Macroglossus_minimus	1.528	3.0789623596587	9.48000921219507	1.164
Megaerops_ecaudatus	1.644	3.0789623596587	9.48000921219507	1.38
Megaloglossus_woermanni	1.583	3.0789623596587	9.48000921219507	1.253
Melonycteris_melanops	1.782	3.0789623596587	9.48000921219507	1.675
Melonycteris_woodfordi	1.684	3.0789623596587	9.48000921219507	1.549
Epomophorus_pusillus	1.685	3.0789623596587	9.48000921219507	1.4
Myonycteris_torquata	1.824	3.0789623596587	9.48000921219507	1.561
Notopteris_macdonaldi	1.821	3.0789623596587	9.48000921219507	1.841
Nyctimene_albiventer	1.675	3.0789623596587	9.48000921219507	1.473
Nyctimene_robinsoni	1.859	3.0789623596587	9.48000921219507	1.673
Nyctimene_vizcaccia	1.748	3.0789623596587	9.48000921219507	1.549
Paranyctimene_raptor	1.626	3.0789623596587	9.48000921219507	1.417
Pteropus_alecto	2.5	3.0789623596587	9.48000921219507	2.775
Pteropus_conspicillatus	2.525	3.0789623596587	9.48000921219507	2.875
Pteropus_hypomelanus	2.379	3.0789623596587	9.48000921219507	2.591
Pteropus_lylei	2.381	3.0789623596587	9.48000921219507	2.497
Pteropus_neohibernicus	2.558	3.0789623596587	9.48000921219507	2.924
Pteropus_poliocephalus	2.528	3.0789623596587	9.48000921219507	2.842
Pteropus_samoensis	2.4	3.0789623596587	9.48000921219507	2.491
Pteropus_scapulatus	2.373	3.0789623596587	9.48000921219507	2.574
Pteropus_temminckii	2.353	3.0789623596587	9.48000921219507	2.398
Pteropus_tonganus	2.394	3.0789623596587	9.48000921219507	2.652
Pteropus_vampyrus	2.581	3.0789623596587	9.48000921219507	3.027
Rousettus_aegyptiacus	2.038	3.0789623596587	9.48000921219507	2.111
Rousettus_amplexicaudatus	1.914	3.0789623596587	9.48000921219507	1.856
Scotonycteris_zenkeri	1.623	3.0789623596587	9.48000921219507	1.328
Sphaerias_blanfordi	1.69	3.0789623596587	9.48000921219507	1.47
Syconycteris_australis	1.517	3.0789623596587	9.48000921219507	1.207
Anoura_caudifer	1.394	3.0789623596587	9.48000921219507	1.025
Anoura_geoffroyi	1.538	3.0789623596587	9.48000921219507	1.204
Ardops_nichollsi	1.528	3.0789623596587	9.48000921219507	1.352
Artibeus_cinereus	1.473	3.0789623596587	9.48000921219507	1.1
Artibeus_concolor	1.634	3.0789623596587	9.48000921219507	1.288
Artibeus_jamaicensis	1.77	3.0789623596587	9.48000921219507	1.613
Artibeus_lituratus	1.838	3.0789623596587	9.48000921219507	1.748
Aselliscus_stoliczkanus	1.152	3.0789623596587	9.48000921219507	0.69
Aselliscus_tricuspidatus	1.146	3.0789623596587	9.48000921219507	0.643
Brachyphylla_cavernarum	1.834	3.0789623596587	9.48000921219507	1.648
Cardioderma_cor	1.823	3.0789623596587	9.48000921219507	1.415
Carollia_perspicillata	1.561	3.0789623596587	9.48000921219507	1.25
Chalinolobus_gouldii	1.373	3.0789623596587	9.48000921219507	1.068
Chalinolobus_morio	1.286	3.0789623596587	9.48000921219507	0.919
Chiroderma_salvini	1.741	3.0789623596587	9.48000921219507	1.417
Chiroderma_trinitatum	1.549	3.0789623596587	9.48000921219507	1.137
Chiroderma_villosum	1.713	3.0789623596587	9.48000921219507	1.394
Choeroniscus_minor	1.382	3.0789623596587	9.48000921219507	0.982
Coleura_afra	1.42	3.0789623596587	9.48000921219507	1.061
Cormura_brevirostris	1.436	3.0789623596587	9.48000921219507	0.914
Craseonycteris_thonglongyai	1.025	3.0789623596587	9.48000921219507	0.408
Desmodus_rotundus	1.766	3.0789623596587	9.48000921219507	1.56
Diphylla_ecaudata	1.724	3.0789623596587	9.48000921219507	1.49
Emballonura_monticola	1.301	3.0789623596587	9.48000921219507	0.724
Emballonura_raffrayana	1.33	3.0789623596587	9.48000921219507	0.771
Eptesicus_brasiliensis	1.336	3.0789623596587	9.48000921219507	0.964
Eptesicus_fuscus_bahamensis	1.354	3.0789623596587	9.48000921219507	1.134
Eumops_auripendulus	1.779	3.0789623596587	9.48000921219507	1.529
Eumops_glaucinus	1.809	3.0789623596587	9.48000921219507	1.562
Furipterus_horrens	1.104	3.0789623596587	9.48000921219507	0.535
Glischropus_tylopus	1.049	3.0789623596587	9.48000921219507	0.69
Glossophaga_longirostris	1.444	3.0789623596587	9.48000921219507	1.053
Glossophaga_soricina	1.412	3.0789623596587	9.48000921219507	0.996
Harpiocephalus_harpia	1.481	3.0789623596587	9.48000921219507	1.13
Hesperoptenus_blanfordi	1.281	3.0789623596587	9.48000921219507	0.863
Hipposideros_armiger	1.89	3.0789623596587	9.48000921219507	1.748
Hipposideros_ater	1.369	3.0789623596587	9.48000921219507	0.839
Hipposideros_caffer	1.477	3.0789623596587	9.48000921219507	1.041
Macronycteris_commersoni	1.769	3.0789623596587	9.48000921219507	1.997
Hipposideros_diadema	1.84	3.0789623596587	9.48000921219507	1.622
Hipposideros_fulvus	1.401	3.0789623596587	9.48000921219507	0.845
Hipposideros_lankadiva	1.799	3.0789623596587	9.48000921219507	1.686
Hipposideros_larvatus	1.61	3.0789623596587	9.48000921219507	1.312
Hipposideros_ridleyi	1.453	3.0789623596587	9.48000921219507	0.982
Hipposideros_speoris	1.458	3.0789623596587	9.48000921219507	1.061
Hipposideros_turpis	1.758	3.0789623596587	9.48000921219507	1.542
Ia_io	1.848	3.0789623596587	9.48000921219507	1.727
Kerivoula_papillosa	1.36	3.0789623596587	9.48000921219507	1.004
Lasiurus_borealis	1.272	3.0789623596587	9.48000921219507	0.892
Leptonycteris_curasoae	1.547	3.0789623596587	9.48000921219507	1.389
Leptonycteris_nivalis	1.555	3.0789623596587	9.48000921219507	1.358
Lonchophylla_mordax	1.494	3.0789623596587	9.48000921219507	1.029
Hsunycteris_thomasi	1.332	3.0789623596587	9.48000921219507	0.839
Lophostoma_silvicolum	1.792	3.0789623596587	9.48000921219507	1.509
Macroderma_gigas	2.16	3.0789623596587	9.48000921219507	2.078
Macrophyllum_macrophyllum	1.456	3.0789623596587	9.48000921219507	0.934
Megaderma_lyra	1.906	3.0789623596587	9.48000921219507	1.587
Megaderma_spasma	1.792	3.0789623596587	9.48000921219507	1.354
Mesophylla_macconnelli	1.386	3.0789623596587	9.48000921219507	0.875
Micronycteris_brachyotis	1.456	3.0789623596587	9.48000921219507	1.167
Micronycteris_megalotis	1.369	3.0789623596587	9.48000921219507	0.813
Micronycteris_minuta	1.316	3.0789623596587	9.48000921219507	0.839
Micronycteris_schmidtorum	1.364	3.0789623596587	9.48000921219507	0.892
Gardnerycteris_crenulatum	1.48	3.0789623596587	9.48000921219507	1.072
Miniopterus_australis	1.255	3.0789623596587	9.48000921219507	0.851
Miniopterus_inflatus	1.438	3.0789623596587	9.48000921219507	1.173
Miniopterus_magnater	1.43	3.0789623596587	9.48000921219507	1.176
Miniopterus_pusillus	1.26	3.0789623596587	9.48000921219507	0.934
Miniopterus_tristis	1.477	3.0789623596587	9.48000921219507	1.193
Molossus_molossus	1.516	3.0789623596587	9.48000921219507	1.137
Molossus_rufus	1.731	3.0789623596587	9.48000921219507	1.526
Monophyllus_plethodon	1.455	3.0789623596587	9.48000921219507	1.176
Mormoops_megalophylla	1.489	3.0789623596587	9.48000921219507	1.196
Murina_cyclotis	1.326	3.0789623596587	9.48000921219507	0.851
Murina_huttoni	1.31	3.0789623596587	9.48000921219507	0.944
Myotis_adversus	1.417	3.0789623596587	9.48000921219507	1.049
Myotis_albescens	1.111	3.0789623596587	9.48000921219507	0.602
Myotis_annectans	1.31	3.0789623596587	9.48000921219507	0.991
Myotis_bechsteinii	1.358	3.0789623596587	9.48000921219507	0.978
Myotis_bocagii	1.303	3.0789623596587	9.48000921219507	0.845
Myotis_dasycneme	1.513	3.0789623596587	9.48000921219507	1.176
Myotis_myotis	1.669	3.0789623596587	9.48000921219507	1.408
Myotis_nigricans	1.173	3.0789623596587	9.48000921219507	0.663
Myotis_siligorensis	1.045	3.0789623596587	9.48000921219507	0.539
Natalus_tumidirostris	1.283	3.0789623596587	9.48000921219507	0.839
Noctilio_albiventris	1.69	3.0789623596587	9.48000921219507	1.515
Noctilio_leporinus	1.953	3.0789623596587	9.48000921219507	1.763
Nyctalus_noctula	1.576	3.0789623596587	9.48000921219507	1.431
Nycteris_arge	1.574	3.0789623596587	9.48000921219507	1.025
Nycteris_grandis	1.862	3.0789623596587	9.48000921219507	1.474
Nycteris_hispida	1.479	3.0789623596587	9.48000921219507	0.892
Nycteris_javanica	1.733	3.0789623596587	9.48000921219507	1.265
Nycteris_macrotis	1.585	3.0789623596587	9.48000921219507	1.161
Nycteris_thebaica	1.516	3.0789623596587	9.48000921219507	0.949
Nyctophilus_geoffroyi	1.19	3.0789623596587	9.48000921219507	0.857
Otomops_martiensseni	1.777	3.0789623596587	9.48000921219507	1.618
Peropteryx_macrotis	1.286	3.0789623596587	9.48000921219507	0.748
Phylloderma_stenops	1.852	3.0789623596587	9.48000921219507	1.664
Phyllostomus_discolor	1.802	3.0789623596587	9.48000921219507	1.563
Phyllostomus_elongatus	1.806	3.0789623596587	9.48000921219507	1.652
Phyllostomus_hastatus	1.981	3.0789623596587	9.48000921219507	1.963
Pipistrellus_javanicus	1.121	3.0789623596587	9.48000921219507	0.653
Pipistrellus_tenuis	1.017	3.0789623596587	9.48000921219507	0.591
Afronycteris_nana	1.009	3.0789623596587	9.48000921219507	0.591
Hypsugo_pulveratus	1.188	3.0789623596587	9.48000921219507	0.724
Perimyotis_subflavus	1.117	3.0789623596587	9.48000921219507	0.724
Pteronotus_gymnonotus	1.41	3.0789623596587	9.48000921219507	1.134
Pteronotus_parnellii_mesoamericanus	1.612	3.0789623596587	9.48000921219507	1.305
Pteronotus_personatus	1.276	3.0789623596587	9.48000921219507	0.908
Rhinolophus_cornutus	1.255	3.0789623596587	9.48000921219507	0.82
Rhinolophus_eloquens	1.558	3.0789623596587	9.48000921219507	1.281
Rhinolophus_hipposideros	1.182	3.0789623596587	9.48000921219507	0.663
Rhinolophus_landeri	1.446	3.0789623596587	9.48000921219507	0.987
Rhinolophus_lepidus	1.281	3.0789623596587	9.48000921219507	0.778
Rhinolophus_luctus	1.749	3.0789623596587	9.48000921219507	1.516
Rhinolophus_macrotis	1.305	3.0789623596587	9.48000921219507	0.799
Rhinolophus_malayanus	1.31	3.0789623596587	9.48000921219507	0.806
Rhinolophus_megaphyllus	1.382	3.0789623596587	9.48000921219507	0.991
Rhinolophus_pearsonii	1.474	3.0789623596587	9.48000921219507	1.143
Rhinolophus_pusillus	1.204	3.0789623596587	9.48000921219507	0.672
Rhinolophus_trifoliatus	1.588	3.0789623596587	9.48000921219507	1.164
Rhinolophus_yunnanensis	1.614	3.0789623596587	9.48000921219507	1.371
Rhinonicteris_aurantia	1.403	3.0789623596587	9.48000921219507	0.934
Rhinophylla_pumilio	1.356	3.0789623596587	9.48000921219507	0.949
Rhinopoma_hardwickii	1.481	3.0789623596587	9.48000921219507	1.111
Rhinopoma_microphyllum	1.605	3.0789623596587	9.48000921219507	1.468
Rhogeessa_parvula	1.111	3.0789623596587	9.48000921219507	0.653
Rhynchonycteris_naso	1.164	3.0789623596587	9.48000921219507	0.58
Saccopteryx_bilineata	1.456	3.0789623596587	9.48000921219507	0.924
Saccopteryx_canescens	1.246	3.0789623596587	9.48000921219507	0.531
Saccopteryx_leptura	1.346	3.0789623596587	9.48000921219507	0.708
Scotomanes_ornatus	1.637	3.0789623596587	9.48000921219507	1.338
Scotophilus_dinganii	1.658	3.0789623596587	9.48000921219507	1.386
Scotophilus_kuhlii	1.575	3.0789623596587	9.48000921219507	1.31
Sphaeronycteris_toxophyllum	1.62	3.0789623596587	9.48000921219507	1.265
Sturnira_lilium	1.521	3.0789623596587	9.48000921219507	1.305
Sturnira_ludovici	1.603	3.0789623596587	9.48000921219507	1.413
Sturnira_tildae	1.562	3.0789623596587	9.48000921219507	1.387
Tadarida_aegyptiaca	1.545	3.0789623596587	9.48000921219507	1.248
Taphozous_australis	1.737	3.0789623596587	9.48000921219507	1.38
Taphozous_hildegardeae	1.725	3.0789623596587	9.48000921219507	1.438
Taphozous_mauritianus	1.811	3.0789623596587	9.48000921219507	1.462
Taphozous_melanopogon	1.715	3.0789623596587	9.48000921219507	1.356
Tonatia_bidens	1.801	3.0789623596587	9.48000921219507	1.468
Lophostoma_schulzi	1.71	3.0789623596587	9.48000921219507	1.328
Trachops_cirrhosus	1.912	3.0789623596587	9.48000921219507	1.567
Triaenops_persicus	1.415	3.0789623596587	9.48000921219507	1.137
Tylonycteris_pachypus	0.987	3.0789623596587	9.48000921219507	0.681
Tylonycteris_robustula	1.127	3.0789623596587	9.48000921219507	0.857
Uroderma_bilobatum	1.614	3.0789623596587	9.48000921219507	1.21
Vampyressa_pusilla	1.413	3.0789623596587	9.48000921219507	0.934
Vampyrum_spectrum	2.19	3.0789623596587	9.48000921219507	2.238
Alouatta_seniculus	2.994	3.0789623596587	9.48000921219507	3.806
Aotus_trivirgatus	2.612	3.0789623596587	9.48000921219507	2.919
Ateles_geoffroyi	3.171	3.0789623596587	9.48000921219507	3.903
Avahi_laniger	2.535	3.0789623596587	9.48000921219507	3.109
Plecturocebus_moloch	2.724	3.0789623596587	9.48000921219507	2.954
Callimico_goeldii	2.531	3.0789623596587	9.48000921219507	2.681
Callithrix_jacchus	2.47	3.0789623596587	9.48000921219507	2.447
Cebuella_pygmaea	2.283	3.0789623596587	9.48000921219507	2.146
Cebus_albifrons	3.087	3.0789623596587	9.48000921219507	3.491
Cercopithecus_ascanius	3.065	3.0789623596587	9.48000921219507	3.531
Cercopithecus_mitis_mitis	3.132	3.0789623596587	9.48000921219507	3.799
Cheirogaleus_major	2.382	3.0789623596587	9.48000921219507	2.653
Cheirogaleus_medius	2.161	3.0789623596587	9.48000921219507	2.248
Daubentonia_madagascariensis	2.953	3.0789623596587	9.48000921219507	3.447
Erythrocebus_patas	3.21	3.0789623596587	9.48000921219507	3.892
Eulemur_fulvus_fulvus	2.771	3.0789623596587	9.48000921219507	3.146
Galago_senegalensis	2.312	3.0789623596587	9.48000921219507	2.27
Galagoides_demidoff	2.13	3.0789623596587	9.48000921219507	1.908
Gorilla_gorilla	3.639	3.0789623596587	9.48000921219507	5.021
Homo_sapiens	3.908	3.0789623596587	9.48000921219507	4.813
Hylobates_lar	3.164	3.0789623596587	9.48000921219507	3.756
Indri_indri	2.99	3.0789623596587	9.48000921219507	3.796
Lagothrix_lagotricha	3.199	3.0789623596587	9.48000921219507	3.716
Lepilemur_mustelinus	2.415	3.0789623596587	9.48000921219507	2.961
Lophocebus_albigena	3.248	3.0789623596587	9.48000921219507	3.898
Loris_tardigradus_tardigradus	2.342	3.0789623596587	9.48000921219507	2.508
Macaca_mulatta	3.14	3.0789623596587	9.48000921219507	3.892
Microcebus_murinus	1.93	3.0789623596587	9.48000921219507	1.732
Miopithecus_talapoin	2.917	3.0789623596587	9.48000921219507	3.079
Nasalis_larvatus	3.192	3.0789623596587	9.48000921219507	4.146
Nycticebus_coucang	2.538	3.0789623596587	9.48000921219507	2.903
Otolemur_crassicaudatus	2.584	3.0789623596587	9.48000921219507	2.929
Pan_troglodytes	3.573	3.0789623596587	9.48000921219507	4.663
Papio_cynocephalus	3.433	3.0789623596587	9.48000921219507	4.398
Perodicticus_potto	2.592	3.0789623596587	9.48000921219507	3.061
Pithecia_monachus	2.872	3.0789623596587	9.48000921219507	3.176
Piliocolobus_badius	3.125	3.0789623596587	9.48000921219507	3.845
Propithecus_verreauxi	2.892	3.0789623596587	9.48000921219507	3.542
Pygathrix_nemaeus	3.129	3.0789623596587	9.48000921219507	3.875
Saguinus_midas	2.521	3.0789623596587	9.48000921219507	2.531
Saguinus_oedipus	2.522	3.0789623596587	9.48000921219507	2.58
Saimiri_sciureus_sciureus	2.721	3.0789623596587	9.48000921219507	2.82
Tarsius_tarsier	2.294	3.0789623596587	9.48000921219507	2.097
Varecia_variegata	3.008	3.0789623596587	9.48000921219507	3.477
