Species_TTOL	MES	rest_of_brain	BOD	BOD2
Anourosorex_squamipes	1.274	2.5613393948666	1.86328760196422	3.47184068763358
Atelerix_algirus	2.194	3.45937494595256	1.86328760196422	3.47184068763358
Blarina_brevicauda	1.274	2.56526016953364	1.86328760196422	3.47184068763358
Chrysochloris_asiatica	1.635	2.8124927980164	1.86328760196422	3.47184068763358
Chrysochloris_stuhlmanni	1.62	2.83356529108882	1.86328760196422	3.47184068763358
Crocidura_attenuata	1.176	2.29369840905507	1.86328760196422	3.47184068763358
Crocidura_flavescens	1.427	2.58207746336137	1.86328760196422	3.47184068763358
Crocidura_hildegardeae	1.173	2.30064063157812	1.86328760196422	3.47184068763358
Crocidura_denti	1.253	2.36479451634544	1.86328760196422	3.47184068763358
Crocidura_russula	1.137	2.26471093422473	1.86328760196422	3.47184068763358
Crocidura_suaveolens	1.137	2.25063238800831	1.86328760196422	3.47184068763358
Cryptotis_parvus	1.104	2.36248471949945	1.86328760196422	3.47184068763358
Desmana_moschata	2.34	3.55635615102067	1.86328760196422	3.47184068763358
Echinops_telfairi	1.643	2.74834886210844	1.86328760196422	3.47184068763358
Echinosorex_gymnura	2.557	3.7443098228403	1.86328760196422	3.47184068763358
Erinaceus_europaeus	2.18	3.47896517613914	1.86328760196422	3.47184068763358
Euroscaptor_micrura	1.653	2.88161190363473	1.86328760196422	3.47184068763358
Galemys_pyrenaicus	1.793	3.0873915761491	1.86328760196422	3.47184068763358
Geogale_aurita	1.104	2.08153227068238	1.86328760196422	3.47184068763358
Hemicentetes_semispinosus	1.662	2.87971667978679	1.86328760196422	3.47184068763358
Hemiechinus_auritus	2.037	3.22302557506589	1.86328760196422	3.47184068763358
Hylomys_suillus	1.924	3.04265473490601	1.86328760196422	3.47184068763358
Limnogale_mergulus	1.829	3.01708868959485	1.86328760196422	3.47184068763358
Microgale_dobsoni	1.575	2.70344201843958	1.86328760196422	3.47184068763358
Microgale_talazaci	1.658	2.85130596152045	1.86328760196422	3.47184068763358
Micropotamogale_lamottei	1.768	2.86835860528116	1.86328760196422	3.47184068763358
Micropotamogale_ruwenzorii	1.86	3.0239960099372	1.86328760196422	3.47184068763358
Myosorex_sclateri	1.279	2.52863027572128	1.86328760196422	3.47184068763358
Neomys_anomalus	1.204	2.4253493121911	1.86328760196422	3.47184068763358
Neomys_fodiens	1.283	2.4844525337294	1.86328760196422	3.47184068763358
Oryzorictes_hova	1.425	2.72555444984195	1.86328760196422	3.47184068763358
Parascalops_breweri	1.551	2.9176407015745	1.86328760196422	3.47184068763358
Potamogale_velox	2.415	3.58573403914356	1.86328760196422	3.47184068763358
Ruwenzorisorex_suncoides	1.398	2.54319142403048	1.86328760196422	3.47184068763358
Scalopus_aquaticus	1.761	3.09133564705225	1.86328760196422	3.47184068763358
Scutisorex_somereni	1.563	2.77648055519446	1.86328760196422	3.47184068763358
Setifer_setosus	1.884	3.13780347988815	1.86328760196422	3.47184068763358
Solenodon_paradoxus	2.32	3.63091110993978	1.86328760196422	3.47184068763358
Sorex_alpinus	1.097	2.39429748323639	1.86328760196422	3.47184068763358
Sorex_araneus	1.061	2.30376222600923	1.86328760196422	3.47184068763358
Sorex_cinereus	0.919	2.19894571979351	1.86328760196422	3.47184068763358
Sorex_fumeus	1.045	2.35557876339451	1.86328760196422	3.47184068763358
Sorex_hoyi	0.681	1.95473569737117	1.86328760196422	3.47184068763358
Sorex_minutus	0.806	2.03191366086741	1.86328760196422	3.47184068763358
Suncus_etruscus	0.672	1.76381793243763	1.86328760196422	3.47184068763358
Suncus_murinus	1.391	2.54992986543294	1.86328760196422	3.47184068763358
Sylvisorex_granti	1.057	2.19026550669	1.86328760196422	3.47184068763358
Suncus_megalura	1.152	2.24721153694055	1.86328760196422	3.47184068763358
Talpa_europaea	1.699	2.9763963558453	1.86328760196422	3.47184068763358
Tenrec_ecaudatus	2.125	3.35823796436117	1.86328760196422	3.47184068763358
Aepyprymnus_rufescens	2.811106	4.0785367274352	1.86328760196422	3.47184068763358
Antechinus_flavipes	1.729165	2.78774994860876	1.86328760196422	3.47184068763358
Antechinus_minimus	1.763428	2.86153430048589	1.86328760196422	3.47184068763358
Bettongia_gaimardi	2.796505	4.04663551459762	1.86328760196422	3.47184068763358
Bettongia_penicillata	2.726972	3.98021273823091	1.86328760196422	3.47184068763358
Burramys_parvus	1.802774	2.92464113314859	1.86328760196422	3.47184068763358
Cercartetus_nanus	1.669317	2.67775290596171	1.86328760196422	3.47184068763358
Dactylopsila_trivirgata	2.436163	3.76646475332113	1.86328760196422	3.47184068763358
Dasycercus_cristicauda	2.124178	3.16814378922862	1.86328760196422	3.47184068763358
Dasyuroides_byrnei	2.148603	3.1709361619783	1.86328760196422	3.47184068763358
Dasyurus_geoffroii	2.611405	3.70221513935253	1.86328760196422	3.47184068763358
Dasyurus_hallucatus	2.367169	3.45874340368618	1.86328760196422	3.47184068763358
Dendrolagus_lumholtzi	2.977037	4.32056441398414	1.86328760196422	3.47184068763358
Distoechurus_pennatus	1.839478	2.99668674974598	1.86328760196422	3.47184068763358
Dorcopsis	2.934902	4.18833195300086	1.86328760196422	3.47184068763358
Echymipera_kalubu	2.416141	3.52847956017657	1.86328760196422	3.47184068763358
Gymnobelideus_leadbeateri	2.144263	3.34769853893654	1.86328760196422	3.47184068763358
Hypsiprymnodon_moschatus	2.50147	3.74212014161771	1.86328760196422	3.47184068763358
Isoodon_macrourus	2.417804	3.58290385753117	1.86328760196422	3.47184068763358
Isoodon_obesulus_obesulus	2.495128	3.62554911049539	1.86328760196422	3.47184068763358
Osphranter_antilopinus	3.373464	4.71459609027679	1.86328760196422	3.47184068763358
Macropus_giganteus	3.390759	4.77506983526938	1.86328760196422	3.47184068763358
Notamacropus_irma	3.071145	4.36841530467472	1.86328760196422	3.47184068763358
Notamacropus_parma	2.969882	4.20117855029655	1.86328760196422	3.47184068763358
Notamacropus_parryi	3.196176	4.51970786965636	1.86328760196422	3.47184068763358
Osphranter_robustus	3.260548	4.66347772236744	1.86328760196422	3.47184068763358
Osphranter_rufus	3.387034	4.6959083965357	1.86328760196422	3.47184068763358
Thylamys_pallidior	1.793092	2.76345797589405	1.86328760196422	3.47184068763358
Marmosops_impavidus	2.011993	3.05568408388292	1.86328760196422	3.47184068763358
Monodelphis_brevicaudata	1.914872	2.94537022663038	1.86328760196422	3.47184068763358
Notoryctes_typhlops	1.662758	2.91376083971985	1.86328760196422	3.47184068763358
Petauroides_volans	2.580925	3.62032345471659	1.86328760196422	3.47184068763358
Petaurus_australis	2.467756	3.77024778429207	1.86328760196422	3.47184068763358
Petaurus_breviceps	2.209515	3.32467344517594	1.86328760196422	3.47184068763358
Petaurus_norfolcensis	2.276002	3.45766979672993	1.86328760196422	3.47184068763358
Petrogale_inornata	2.918502	4.23497248958282	1.86328760196422	3.47184068763358
Petrogale_lateralis	2.8238	4.16786355239828	1.86328760196422	3.47184068763358
Petrogale_penicillata	3.071514	4.31879823891567	1.86328760196422	3.47184068763358
Petrogale_purpureicollis	2.959852	4.24652097310723	1.86328760196422	3.47184068763358
Petropseudes_dahli	2.574379	3.69722055952986	1.86328760196422	3.47184068763358
Phascolarctos_cinereus	2.994361	4.22355030391757	1.86328760196422	3.47184068763358
Planigale_ingrami	1.041393	1.97840863192174	1.86328760196422	3.47184068763358
Planigale_maculata	1.313867	2.30272041723985	1.86328760196422	3.47184068763358
Potorous_tridactylus_tridactylus	2.766785	3.99808497676137	1.86328760196422	3.47184068763358
Pseudochirulus_canescens	2.158061	3.33597913853393	1.86328760196422	3.47184068763358
Pseudochirulus_forbesi	2.376029	3.47922966682932	1.86328760196422	3.47184068763358
Sarcophilus_harrisii	2.940516	4.14834965764349	1.86328760196422	3.47184068763358
Sminthopsis_crassicaudata	1.526339	2.53750425778387	1.86328760196422	3.47184068763358
Sminthopsis_leucopus	1.635484	2.66164229549523	1.86328760196422	3.47184068763358
Phalanger_gymnotis	2.822626	4.06032757480693	1.86328760196422	3.47184068763358
Thylacinus_cynocephalus	3.365113	4.70915133299125	1.86328760196422	3.47184068763358
Thylogale_billardierii	3.093772	4.34805949126278	1.86328760196422	3.47184068763358
Thylogale_stigmatica	3.028571	4.25065668458073	1.86328760196422	3.47184068763358
Trichosurus_vulpecula	2.769599	4.00237325530746	1.86328760196422	3.47184068763358
Vombatus_ursinus	3.280123	4.68410274637518	1.86328760196422	3.47184068763358
Wallabia_bicolor	3.234264	4.55349934894676	1.86328760196422	3.47184068763358
Balionycteris_maculata	1.477	2.68604357258994	1.86328760196422	3.47184068763358
Casinycteris_argynnis	1.732	2.89835140151989	1.86328760196422	3.47184068763358
Chironax_melanocephalus	1.491	2.75718362381577	1.86328760196422	3.47184068763358
Cynopterus_brachyotis	1.708	2.966833649282	1.86328760196422	3.47184068763358
Cynopterus_horsfieldii	1.875	3.11468350641045	1.86328760196422	3.47184068763358
Cynopterus_sphinx	1.82	3.05354966776212	1.86328760196422	3.47184068763358
Dobsonia_inermis	2.041	3.40766797562694	1.86328760196422	3.47184068763358
Dobsonia_moluccensis	2.262	3.63531672034154	1.86328760196422	3.47184068763358
Dobsonia_praedatrix	2.104	3.45265177566025	1.86328760196422	3.47184068763358
Eidolon_helvum	2.303	3.60406636908379	1.86328760196422	3.47184068763358
Eonycteris_spelaea	1.854	3.09326062869164	1.86328760196422	3.47184068763358
Epomophorus_labiatus	1.968	3.17341455082117	1.86328760196422	3.47184068763358
Epomops_franqueti	2.143	3.3178958890353	1.86328760196422	3.47184068763358
Hypsignathus_monstrosus	2.334	3.51177917774895	1.86328760196422	3.47184068763358
Macroglossus_minimus	1.528	2.72492739657078	1.86328760196422	3.47184068763358
Megaerops_ecaudatus	1.644	2.87855040696948	1.86328760196422	3.47184068763358
Megaloglossus_woermanni	1.583	2.80962194180342	1.86328760196422	3.47184068763358
Melonycteris_melanops	1.782	3.08827988670424	1.86328760196422	3.47184068763358
Melonycteris_woodfordi	1.684	2.98478330621441	1.86328760196422	3.47184068763358
Epomophorus_pusillus	1.685	2.8916991691473	1.86328760196422	3.47184068763358
Myonycteris_torquata	1.824	3.04038415947288	1.86328760196422	3.47184068763358
Notopteris_macdonaldi	1.821	3.14143861060649	1.86328760196422	3.47184068763358
Nyctimene_albiventer	1.675	2.89166094946112	1.86328760196422	3.47184068763358
Nyctimene_robinsoni	1.859	3.06521908417013	1.86328760196422	3.47184068763358
Nyctimene_vizcaccia	1.748	2.97019608506253	1.86328760196422	3.47184068763358
Paranyctimene_raptor	1.626	2.83904237199348	1.86328760196422	3.47184068763358
Pteropus_alecto	2.5	3.82069860124938	1.86328760196422	3.47184068763358
Pteropus_conspicillatus	2.525	3.89493121910952	1.86328760196422	3.47184068763358
Pteropus_hypomelanus	2.379	3.69716131393364	1.86328760196422	3.47184068763358
Pteropus_lylei	2.381	3.75598421253182	1.86328760196422	3.47184068763358
Pteropus_neohibernicus	2.558	3.92848620624869	1.86328760196422	3.47184068763358
Pteropus_poliocephalus	2.528	3.83016987335255	1.86328760196422	3.47184068763358
Pteropus_samoensis	2.4	3.73626675041077	1.86328760196422	3.47184068763358
Pteropus_scapulatus	2.373	3.70549571470575	1.86328760196422	3.47184068763358
Pteropus_temminckii	2.353	3.66354900940771	1.86328760196422	3.47184068763358
Pteropus_tonganus	2.394	3.75825829746648	1.86328760196422	3.47184068763358
Pteropus_vampyrus	2.581	3.92972371176801	1.86328760196422	3.47184068763358
Rousettus_aegyptiacus	2.038	3.32486399626551	1.86328760196422	3.47184068763358
Rousettus_amplexicaudatus	1.914	3.1617898919156	1.86328760196422	3.47184068763358
Scotonycteris_zenkeri	1.623	2.8251361190744	1.86328760196422	3.47184068763358
Sphaerias_blanfordi	1.69	2.89058047078486	1.86328760196422	3.47184068763358
Syconycteris_australis	1.517	2.75449107699007	1.86328760196422	3.47184068763358
Anoura_caudifer	1.394	2.5806238378183	1.86328760196422	3.47184068763358
Anoura_geoffroyi	1.538	2.74657171798292	1.86328760196422	3.47184068763358
Ardops_nichollsi	1.528	2.72119019257957	1.86328760196422	3.47184068763358
Artibeus_cinereus	1.473	2.64696591916355	1.86328760196422	3.47184068763358
Artibeus_concolor	1.634	2.77277474031503	1.86328760196422	3.47184068763358
Artibeus_jamaicensis	1.77	2.98333261088124	1.86328760196422	3.47184068763358
Artibeus_lituratus	1.838	3.06496819373968	1.86328760196422	3.47184068763358
Aselliscus_stoliczkanus	1.152	2.14627742243429	1.86328760196422	3.47184068763358
Aselliscus_tricuspidatus	1.146	2.0993562087761	1.86328760196422	3.47184068763358
Brachyphylla_cavernarum	1.834	3.05292228999784	1.86328760196422	3.47184068763358
Cardioderma_cor	1.823	2.79992584642206	1.86328760196422	3.47184068763358
Carollia_perspicillata	1.561	2.71324648190518	1.86328760196422	3.47184068763358
Chalinolobus_gouldii	1.373	2.35195774032069	1.86328760196422	3.47184068763358
Chalinolobus_morio	1.286	2.24071974568802	1.86328760196422	3.47184068763358
Chiroderma_salvini	1.741	2.88624082329356	1.86328760196422	3.47184068763358
Chiroderma_trinitatum	1.549	2.70539048497075	1.86328760196422	3.47184068763358
Chiroderma_villosum	1.713	2.82351695180044	1.86328760196422	3.47184068763358
Choeroniscus_minor	1.382	2.5659450134905	1.86328760196422	3.47184068763358
Coleura_afra	1.42	2.38684133903795	1.86328760196422	3.47184068763358
Cormura_brevirostris	1.436	2.31547900333038	1.86328760196422	3.47184068763358
Craseonycteris_thonglongyai	1.025	1.91186407137902	1.86328760196422	3.47184068763358
Desmodus_rotundus	1.766	2.97496949473285	1.86328760196422	3.47184068763358
Diphylla_ecaudata	1.724	2.87975236516861	1.86328760196422	3.47184068763358
Emballonura_monticola	1.301	2.19689550326823	1.86328760196422	3.47184068763358
Emballonura_raffrayana	1.33	2.21750313113026	1.86328760196422	3.47184068763358
Eptesicus_brasiliensis	1.336	2.27704088235613	1.86328760196422	3.47184068763358
Eptesicus_fuscus_bahamensis	1.354	2.3513653086034	1.86328760196422	3.47184068763358
Eumops_auripendulus	1.779	2.75999624802448	1.86328760196422	3.47184068763358
Eumops_glaucinus	1.809	2.79101278730558	1.86328760196422	3.47184068763358
Furipterus_horrens	1.104	2.07959239815975	1.86328760196422	3.47184068763358
Glischropus_tylopus	1.049	1.97312302120491	1.86328760196422	3.47184068763358
Glossophaga_longirostris	1.444	2.6169266719764	1.86328760196422	3.47184068763358
Glossophaga_soricina	1.412	2.57354501835856	1.86328760196422	3.47184068763358
Harpiocephalus_harpia	1.481	2.62086344715862	1.86328760196422	3.47184068763358
Hesperoptenus_blanfordi	1.281	2.16984821507198	1.86328760196422	3.47184068763358
Hipposideros_armiger	1.89	2.87560056473481	1.86328760196422	3.47184068763358
Hipposideros_ater	1.369	2.30545128539469	1.86328760196422	3.47184068763358
Hipposideros_caffer	1.477	2.4627759440208	1.86328760196422	3.47184068763358
Macronycteris_commersoni	1.769	2.84697711567035	1.86328760196422	3.47184068763358
Hipposideros_diadema	1.84	2.82568898250015	1.86328760196422	3.47184068763358
Hipposideros_fulvus	1.401	2.34735841257385	1.86328760196422	3.47184068763358
Hipposideros_lankadiva	1.799	2.83381440820857	1.86328760196422	3.47184068763358
Hipposideros_larvatus	1.61	2.59070379701993	1.86328760196422	3.47184068763358
Hipposideros_ridleyi	1.453	2.40319100137588	1.86328760196422	3.47184068763358
Hipposideros_speoris	1.458	2.42782469906196	1.86328760196422	3.47184068763358
Hipposideros_turpis	1.758	2.74970813235674	1.86328760196422	3.47184068763358
Ia_io	1.848	2.85693377655639	1.86328760196422	3.47184068763358
Kerivoula_papillosa	1.36	2.47004291344843	1.86328760196422	3.47184068763358
Lasiurus_borealis	1.272	2.20786055220101	1.86328760196422	3.47184068763358
Leptonycteris_curasoae	1.547	2.76007259430502	1.86328760196422	3.47184068763358
Leptonycteris_nivalis	1.555	2.74009904764629	1.86328760196422	3.47184068763358
Lonchophylla_mordax	1.494	2.61273847911539	1.86328760196422	3.47184068763358
Hsunycteris_thomasi	1.332	2.50023862095974	1.86328760196422	3.47184068763358
Lophostoma_silvicolum	1.792	2.85331808051172	1.86328760196422	3.47184068763358
Macroderma_gigas	2.16	3.20498065502424	1.86328760196422	3.47184068763358
Macrophyllum_macrophyllum	1.456	2.4790378028068	1.86328760196422	3.47184068763358
Megaderma_lyra	1.906	2.93241161841455	1.86328760196422	3.47184068763358
Megaderma_spasma	1.792	2.78365497627165	1.86328760196422	3.47184068763358
Mesophylla_macconnelli	1.386	2.5144416036305	1.86328760196422	3.47184068763358
Micronycteris_brachyotis	1.456	2.58328686142129	1.86328760196422	3.47184068763358
Micronycteris_megalotis	1.369	2.41295245824855	1.86328760196422	3.47184068763358
Micronycteris_minuta	1.316	2.43110917339505	1.86328760196422	3.47184068763358
Micronycteris_schmidtorum	1.364	2.46261324325241	1.86328760196422	3.47184068763358
Gardnerycteris_crenulatum	1.48	2.48743694137244	1.86328760196422	3.47184068763358
Miniopterus_australis	1.255	2.28796870242141	1.86328760196422	3.47184068763358
Miniopterus_inflatus	1.438	2.48807198431177	1.86328760196422	3.47184068763358
Miniopterus_magnater	1.43	2.4849865990346	1.86328760196422	3.47184068763358
Miniopterus_pusillus	1.26	2.31097785415854	1.86328760196422	3.47184068763358
Miniopterus_tristis	1.477	2.49587912679333	1.86328760196422	3.47184068763358
Molossus_molossus	1.516	2.47483774200244	1.86328760196422	3.47184068763358
Molossus_rufus	1.731	2.69716719929339	1.86328760196422	3.47184068763358
Monophyllus_plethodon	1.455	2.62023584937206	1.86328760196422	3.47184068763358
Mormoops_megalophylla	1.489	2.56247160047249	1.86328760196422	3.47184068763358
Murina_cyclotis	1.326	2.37139315447136	1.86328760196422	3.47184068763358
Murina_huttoni	1.31	2.38592275334146	1.86328760196422	3.47184068763358
Myotis_adversus	1.417	2.3772871201093	1.86328760196422	3.47184068763358
Myotis_albescens	1.111	2.07780309246655	1.86328760196422	3.47184068763358
Myotis_annectans	1.31	2.31710569964846	1.86328760196422	3.47184068763358
Myotis_bechsteinii	1.358	2.39586985328546	1.86328760196422	3.47184068763358
Myotis_bocagii	1.303	2.25339686523018	1.86328760196422	3.47184068763358
Myotis_dasycneme	1.513	2.46431986810657	1.86328760196422	3.47184068763358
Myotis_myotis	1.669	2.65907694339085	1.86328760196422	3.47184068763358
Myotis_nigricans	1.173	2.11100026230064	1.86328760196422	3.47184068763358
Myotis_siligorensis	1.045	1.98557890358024	1.86328760196422	3.47184068763358
Natalus_tumidirostris	1.283	2.36796538095518	1.86328760196422	3.47184068763358
Noctilio_albiventris	1.69	2.74963685311494	1.86328760196422	3.47184068763358
Noctilio_leporinus	1.953	3.04342425236468	1.86328760196422	3.47184068763358
Nyctalus_noctula	1.576	2.52928534798622	1.86328760196422	3.47184068763358
Nycteris_arge	1.574	2.51972165509131	1.86328760196422	3.47184068763358
Nycteris_grandis	1.862	2.82882341601125	1.86328760196422	3.47184068763358
Nycteris_hispida	1.479	2.43216548536531	1.86328760196422	3.47184068763358
Nycteris_javanica	1.733	2.65047090615567	1.86328760196422	3.47184068763358
Nycteris_macrotis	1.585	2.56570573628551	1.86328760196422	3.47184068763358
Nycteris_thebaica	1.516	2.4880134922472	1.86328760196422	3.47184068763358
Nyctophilus_geoffroyi	1.19	2.1954325071819	1.86328760196422	3.47184068763358
Otomops_martiensseni	1.777	2.85387267955123	1.86328760196422	3.47184068763358
Peropteryx_macrotis	1.286	2.18774408447669	1.86328760196422	3.47184068763358
Phylloderma_stenops	1.852	3.10305487853701	1.86328760196422	3.47184068763358
Phyllostomus_discolor	1.802	3.01289560068157	1.86328760196422	3.47184068763358
Phyllostomus_elongatus	1.806	2.91962973558399	1.86328760196422	3.47184068763358
Phyllostomus_hastatus	1.981	3.15775224544109	1.86328760196422	3.47184068763358
Pipistrellus_javanicus	1.121	2.04743835568333	1.86328760196422	3.47184068763358
Pipistrellus_tenuis	1.017	1.94445839594312	1.86328760196422	3.47184068763358
Afronycteris_nana	1.009	1.97624949883145	1.86328760196422	3.47184068763358
Hypsugo_pulveratus	1.188	2.12583275320563	1.86328760196422	3.47184068763358
Perimyotis_subflavus	1.117	2.0689992385851	1.86328760196422	3.47184068763358
Pteronotus_gymnonotus	1.41	2.50919392843789	1.86328760196422	3.47184068763358
Pteronotus_parnellii_mesoamericanus	1.612	2.71076396835588	1.86328760196422	3.47184068763358
Pteronotus_personatus	1.276	2.33437416842607	1.86328760196422	3.47184068763358
Rhinolophus_cornutus	1.255	2.26307067478927	1.86328760196422	3.47184068763358
Rhinolophus_eloquens	1.558	2.58228368121921	1.86328760196422	3.47184068763358
Rhinolophus_hipposideros	1.182	2.14741999328989	1.86328760196422	3.47184068763358
Rhinolophus_landeri	1.446	2.41927248180996	1.86328760196422	3.47184068763358
Rhinolophus_lepidus	1.281	2.24246038366786	1.86328760196422	3.47184068763358
Rhinolophus_luctus	1.749	2.76563752486781	1.86328760196422	3.47184068763358
Rhinolophus_macrotis	1.305	2.29216841823355	1.86328760196422	3.47184068763358
Rhinolophus_malayanus	1.31	2.28065583157794	1.86328760196422	3.47184068763358
Rhinolophus_megaphyllus	1.382	2.39284327871508	1.86328760196422	3.47184068763358
Rhinolophus_pearsonii	1.474	2.49680535567541	1.86328760196422	3.47184068763358
Rhinolophus_pusillus	1.204	2.19036275728536	1.86328760196422	3.47184068763358
Rhinolophus_trifoliatus	1.588	2.51948592306197	1.86328760196422	3.47184068763358
Rhinolophus_yunnanensis	1.614	2.61598611233896	1.86328760196422	3.47184068763358
Rhinonicteris_aurantia	1.403	2.36980993185743	1.86328760196422	3.47184068763358
Rhinophylla_pumilio	1.356	2.52389337701925	1.86328760196422	3.47184068763358
Rhinopoma_hardwickii	1.481	2.41517493551946	1.86328760196422	3.47184068763358
Rhinopoma_microphyllum	1.605	2.56167523073907	1.86328760196422	3.47184068763358
Rhogeessa_parvula	1.111	2.02540404611476	1.86328760196422	3.47184068763358
Rhynchonycteris_naso	1.164	2.04732050651951	1.86328760196422	3.47184068763358
Saccopteryx_bilineata	1.456	2.33483311530367	1.86328760196422	3.47184068763358
Saccopteryx_canescens	1.246	2.08934484317686	1.86328760196422	3.47184068763358
Saccopteryx_leptura	1.346	2.18322541361085	1.86328760196422	3.47184068763358
Scotomanes_ornatus	1.637	2.55494722650546	1.86328760196422	3.47184068763358
Scotophilus_dinganii	1.658	2.6152095371468	1.86328760196422	3.47184068763358
Scotophilus_kuhlii	1.575	2.50605597481635	1.86328760196422	3.47184068763358
Sphaeronycteris_toxophyllum	1.62	2.69540272673135	1.86328760196422	3.47184068763358
Sturnira_lilium	1.521	2.7664442150746	1.86328760196422	3.47184068763358
Sturnira_ludovici	1.603	2.79971581818209	1.86328760196422	3.47184068763358
Sturnira_tildae	1.562	2.82056767486967	1.86328760196422	3.47184068763358
Tadarida_aegyptiaca	1.545	2.56759514736225	1.86328760196422	3.47184068763358
Taphozous_australis	1.737	2.68911434548403	1.86328760196422	3.47184068763358
Taphozous_hildegardeae	1.725	2.71134274302204	1.86328760196422	3.47184068763358
Taphozous_mauritianus	1.811	2.71797961523504	1.86328760196422	3.47184068763358
Taphozous_melanopogon	1.715	2.70480831622297	1.86328760196422	3.47184068763358
Tonatia_bidens	1.801	2.87212442061372	1.86328760196422	3.47184068763358
Lophostoma_schulzi	1.71	2.67681030271887	1.86328760196422	3.47184068763358
Trachops_cirrhosus	1.912	2.97719852358353	1.86328760196422	3.47184068763358
Triaenops_persicus	1.415	2.41026109600416	1.86328760196422	3.47184068763358
Tylonycteris_pachypus	0.987	1.87843900376487	1.86328760196422	3.47184068763358
Tylonycteris_robustula	1.127	2.03440793493338	1.86328760196422	3.47184068763358
Uroderma_bilobatum	1.614	2.76341624316696	1.86328760196422	3.47184068763358
Vampyressa_pusilla	1.413	2.55572901399533	1.86328760196422	3.47184068763358
Vampyrum_spectrum	2.19	3.38883839645361	1.86328760196422	3.47184068763358
Alouatta_seniculus	2.994	4.69064476860801	1.86328760196422	3.47184068763358
Aotus_trivirgatus	2.612	4.20956514451613	1.86328760196422	3.47184068763358
Ateles_geoffroyi	3.171	5.00423671459412	1.86328760196422	3.47184068763358
Avahi_laniger	2.535	3.99079117597203	1.86328760196422	3.47184068763358
Plecturocebus_moloch	2.724	4.24999973790912	1.86328760196422	3.47184068763358
Callimico_goeldii	2.531	4.02141427425862	1.86328760196422	3.47184068763358
Callithrix_jacchus	2.47	3.86010428447601	1.86328760196422	3.47184068763358
Cebuella_pygmaea	2.283	3.63358773263483	1.86328760196422	3.47184068763358
Cebus_albifrons	3.087	4.8258408678735	1.86328760196422	3.47184068763358
Cercopithecus_ascanius	3.065	4.80297404128273	1.86328760196422	3.47184068763358
Cercopithecus_mitis_mitis	3.132	4.84835244065239	1.86328760196422	3.47184068763358
Cheirogaleus_major	2.382	3.80396492768725	1.86328760196422	3.47184068763358
Cheirogaleus_medius	2.161	3.4708780230274	1.86328760196422	3.47184068763358
Daubentonia_madagascariensis	2.953	4.6294722319675	1.86328760196422	3.47184068763358
Erythrocebus_patas	3.21	5.01330305301563	1.86328760196422	3.47184068763358
Eulemur_fulvus_fulvus	2.771	4.34468914865517	1.86328760196422	3.47184068763358
Galago_senegalensis	2.312	3.65384583826705	1.86328760196422	3.47184068763358
Galagoides_demidoff	2.13	3.50526524207999	1.86328760196422	3.47184068763358
Gorilla_gorilla	3.639	5.67214160105073	1.86328760196422	3.47184068763358
Homo_sapiens	3.908	6.09769523952942	1.86328760196422	3.47184068763358
Hylobates_lar	3.164	4.98887970833346	1.86328760196422	3.47184068763358
Indri_indri	2.99	4.55944787748954	1.86328760196422	3.47184068763358
Lagothrix_lagotricha	3.199	4.980177796679	1.86328760196422	3.47184068763358
Lepilemur_mustelinus	2.415	3.85550540645094	1.86328760196422	3.47184068763358
Lophocebus_albigena	3.248	4.9893093148895	1.86328760196422	3.47184068763358
Loris_tardigradus_tardigradus	2.342	3.79701647977618	1.86328760196422	3.47184068763358
Macaca_mulatta	3.14	4.94427327976376	1.86328760196422	3.47184068763358
Microcebus_murinus	1.93	3.22499777943092	1.86328760196422	3.47184068763358
Miopithecus_talapoin	2.917	4.57720824492106	1.86328760196422	3.47184068763358
Nasalis_larvatus	3.192	4.97211427746941	1.86328760196422	3.47184068763358
Nycticebus_coucang	2.538	4.07016900764897	1.86328760196422	3.47184068763358
Otolemur_crassicaudatus	2.584	3.98509131950917	1.86328760196422	3.47184068763358
Pan_troglodytes	3.573	5.58232825551133	1.86328760196422	3.47184068763358
Papio_cynocephalus	3.433	5.28121407692444	1.86328760196422	3.47184068763358
Perodicticus_potto	2.592	4.12079897970986	1.86328760196422	3.47184068763358
Pithecia_monachus	2.872	4.51688705271499	1.86328760196422	3.47184068763358
Piliocolobus_badius	3.125	4.86832778778568	1.86328760196422	3.47184068763358
Propithecus_verreauxi	2.892	4.40135338583513	1.86328760196422	3.47184068763358
Pygathrix_nemaeus	3.129	4.86047259819674	1.86328760196422	3.47184068763358
Saguinus_midas	2.521	3.98108200720884	1.86328760196422	3.47184068763358
Saguinus_oedipus	2.522	3.97903342592802	1.86328760196422	3.47184068763358
Saimiri_sciureus_sciureus	2.721	4.35321967494396	1.86328760196422	3.47184068763358
Tarsius_tarsier	2.294	3.53020840861181	1.86328760196422	3.47184068763358
Varecia_variegata	3.008	4.47260429620756	1.86328760196422	3.47184068763358
