Species_TTOL	MES	rest_of_brain	rest_of_brain2
Anourosorex_squamipes	1.274	2.5613393948666	6.56045949569562
Atelerix_algirus	2.194	3.45937494595256	11.9672750166842
Blarina_brevicauda	1.274	2.56526016953364	6.58055973739577
Chrysochloris_asiatica	1.635	2.8124927980164	7.91011573889411
Chrysochloris_stuhlmanni	1.62	2.83356529108882	8.02909225886326
Crocidura_attenuata	1.176	2.29369840905507	5.26105239170176
Crocidura_flavescens	1.427	2.58207746336137	6.66712402679868
Crocidura_hildegardeae	1.173	2.30064063157812	5.29294731566815
Crocidura_denti	1.253	2.36479451634544	5.59225310453746
Crocidura_russula	1.137	2.26471093422473	5.12891561559707
Crocidura_suaveolens	1.137	2.25063238800831	5.065346145952
Cryptotis_parvus	1.104	2.36248471949945	5.5813340498684
Desmana_moschata	2.34	3.55635615102067	12.6476690729026
Echinops_telfairi	1.643	2.74834886210844	7.55342146785276
Echinosorex_gymnura	2.557	3.7443098228403	14.0198560494184
Erinaceus_europaeus	2.18	3.47896517613914	12.1031986967888
Euroscaptor_micrura	1.653	2.88161190363473	8.30368716316934
Galemys_pyrenaicus	1.793	3.0873915761491	9.53198674447644
Geogale_aurita	1.104	2.08153227068238	4.33277659389213
Hemicentetes_semispinosus	1.662	2.87971667978679	8.29276815584225
Hemiechinus_auritus	2.037	3.22302557506589	10.3878938575288
Hylomys_suillus	1.924	3.04265473490601	9.25774783584598
Limnogale_mergulus	1.829	3.01708868959485	9.10282416088118
Microgale_dobsoni	1.575	2.70344201843958	7.30859874706469
Microgale_talazaci	1.658	2.85130596152045	8.12994568620207
Micropotamogale_lamottei	1.768	2.86835860528116	8.22748108849048
Micropotamogale_ruwenzorii	1.86	3.0239960099372	9.14455186811612
Myosorex_sclateri	1.279	2.52863027572128	6.39397107129426
Neomys_anomalus	1.204	2.4253493121911	5.88231928614584
Neomys_fodiens	1.283	2.4844525337294	6.17250439235441
Oryzorictes_hova	1.425	2.72555444984195	7.42864705905324
Parascalops_breweri	1.551	2.9176407015745	8.51262726348414
Potamogale_velox	2.415	3.58573403914356	12.8574885994728
Ruwenzorisorex_suncoides	1.398	2.54319142403048	6.4678226192622
Scalopus_aquaticus	1.761	3.09133564705225	9.55635608273596
Scutisorex_somereni	1.563	2.77648055519446	7.70884427337294
Setifer_setosus	1.884	3.13780347988815	9.84581067839821
Solenodon_paradoxus	2.32	3.63091110993978	13.1835154882841
Sorex_alpinus	1.097	2.39429748323639	5.73266043823212
Sorex_araneus	1.061	2.30376222600923	5.30732039398702
Sorex_cinereus	0.919	2.19894571979351	4.83536227859818
Sorex_fumeus	1.045	2.35557876339451	5.5487513105552
Sorex_hoyi	0.681	1.95473569737117	3.82099164657714
Sorex_minutus	0.806	2.03191366086741	4.12867312521959
Suncus_etruscus	0.672	1.76381793243763	3.11105369878857
Suncus_murinus	1.391	2.54992986543294	6.50214231862683
Sylvisorex_granti	1.057	2.19026550669	4.797262989796
Suncus_megalura	1.152	2.24721153694055	5.04995969175869
Talpa_europaea	1.699	2.9763963558453	8.85893526708917
Tenrec_ecaudatus	2.125	3.35823796436117	11.2777622252766
Aepyprymnus_rufescens	2.811106	4.0785367274352	16.6344618370378
Antechinus_flavipes	1.729165	2.78774994860876	7.77154977596817
Antechinus_minimus	1.763428	2.86153430048589	8.18837855285726
Bettongia_gaimardi	2.796505	4.04663551459762	16.3752589880027
Bettongia_penicillata	2.726972	3.98021273823091	15.8420934415756
Burramys_parvus	1.802774	2.92464113314859	8.55352575770467
Cercartetus_nanus	1.669317	2.67775290596171	7.17036062538641
Dactylopsila_trivirgata	2.436163	3.76646475332113	14.1862567380104
Dasycercus_cristicauda	2.124178	3.16814378922862	10.0371350692279
Dasyuroides_byrnei	2.148603	3.1709361619783	10.0548361433417
Dasyurus_geoffroii	2.611405	3.70221513935253	13.706396938051
Dasyurus_hallucatus	2.367169	3.45874340368618	11.9629059325426
Dendrolagus_lumholtzi	2.977037	4.32056441398414	18.6672768553861
Distoechurus_pennatus	1.839478	2.99668674974598	8.98013147610311
Dorcopsis	2.934902	4.18833195300086	17.542124548528
Echymipera_kalubu	2.416141	3.52847956017657	12.4501680065838
Gymnobelideus_leadbeateri	2.144263	3.34769853893654	11.2070855075978
Hypsiprymnodon_moschatus	2.50147	3.74212014161771	14.0034631543009
Isoodon_macrourus	2.417804	3.58290385753117	12.8372000523117
Isoodon_obesulus_obesulus	2.495128	3.62554911049539	13.1446063526139
Osphranter_antilopinus	3.373464	4.71459609027679	22.2274162944531
Macropus_giganteus	3.390759	4.77506983526938	22.8012919316995
Notamacropus_irma	3.071145	4.36841530467472	19.0830522741163
Notamacropus_parma	2.969882	4.20117855029655	17.6499012114718
Notamacropus_parryi	3.196176	4.51970786965636	20.4277592270336
Osphranter_robustus	3.260548	4.66347772236744	21.7480244670174
Osphranter_rufus	3.387034	4.6959083965357	22.0515556686545
Thylamys_pallidior	1.793092	2.76345797589405	7.63669998453245
Marmosops_impavidus	2.011993	3.05568408388292	9.33720522049542
Monodelphis_brevicaudata	1.914872	2.94537022663038	8.67520577192069
Notoryctes_typhlops	1.662758	2.91376083971985	8.49000223108495
Petauroides_volans	2.580925	3.62032345471659	13.106741916771
Petaurus_australis	2.467756	3.77024778429207	14.2147683549593
Petaurus_breviceps	2.209515	3.32467344517594	11.053453517058
Petaurus_norfolcensis	2.276002	3.45766979672993	11.9554804232184
Petrogale_inornata	2.918502	4.23497248958282	17.9349919875233
Petrogale_lateralis	2.8238	4.16786355239828	17.3710865914101
Petrogale_penicillata	3.071514	4.31879823891567	18.6520182284611
Petrogale_purpureicollis	2.959852	4.24652097310723	18.0329403750396
Petropseudes_dahli	2.574379	3.69722055952986	13.6694398658103
Phascolarctos_cinereus	2.994361	4.22355030391757	17.8383771697222
Planigale_ingrami	1.041393	1.97840863192174	3.91410071486245
Planigale_maculata	1.313867	2.30272041723985	5.30252131997327
Potorous_tridactylus_tridactylus	2.766785	3.99808497676137	15.984683481405
Pseudochirulus_canescens	2.158061	3.33597913853393	11.1287568127336
Pseudochirulus_forbesi	2.376029	3.47922966682932	12.1050390745452
Sarcophilus_harrisii	2.940516	4.14834965764349	17.2088048820708
Sminthopsis_crassicaudata	1.526339	2.53750425778387	6.43892785827126
Sminthopsis_leucopus	1.635484	2.66164229549523	7.08433970916911
Phalanger_gymnotis	2.822626	4.06032757480693	16.4862600147375
Thylacinus_cynocephalus	3.365113	4.70915133299125	22.1761062770133
Thylogale_billardierii	3.093772	4.34805949126278	18.9056213395604
Thylogale_stigmatica	3.028571	4.25065668458073	18.0680822501708
Trichosurus_vulpecula	2.769599	4.00237325530746	16.0189916748004
Vombatus_ursinus	3.280123	4.68410274637518	21.9408185385995
Wallabia_bicolor	3.234264	4.55349934894676	20.7343563208586
Balionycteris_maculata	1.477	2.68604357258994	7.21483007385172
Casinycteris_argynnis	1.732	2.89835140151989	8.40044084669229
Chironax_melanocephalus	1.491	2.75718362381577	7.60206153543787
Cynopterus_brachyotis	1.708	2.966833649282	8.80210190251193
Cynopterus_horsfieldii	1.875	3.11468350641045	9.70125334510528
Cynopterus_sphinx	1.82	3.05354966776212	9.32416557349017
Dobsonia_inermis	2.041	3.40766797562694	11.6122010321134
Dobsonia_moluccensis	2.262	3.63531672034154	13.2155276571947
Dobsonia_praedatrix	2.104	3.45265177566025	11.9208042839698
Eidolon_helvum	2.303	3.60406636908379	12.9892943927608
Eonycteris_spelaea	1.854	3.09326062869164	9.56826131701383
Epomophorus_labiatus	1.968	3.17341455082117	10.0705599113635
Epomops_franqueti	2.143	3.3178958890353	11.0084331304774
Hypsignathus_monstrosus	2.334	3.51177917774895	12.3325929932711
Macroglossus_minimus	1.528	2.72492739657078	7.42522931658202
Megaerops_ecaudatus	1.644	2.87855040696948	8.28605244546414
Megaloglossus_woermanni	1.583	2.80962194180342	7.89397545586321
Melonycteris_melanops	1.782	3.08827988670424	9.53747265862198
Melonycteris_woodfordi	1.684	2.98478330621441	8.90893138505621
Epomophorus_pusillus	1.685	2.8916991691473	8.36192408484716
Myonycteris_torquata	1.824	3.04038415947288	9.24393583717363
Notopteris_macdonaldi	1.821	3.14143861060649	9.86863654420925
Nyctimene_albiventer	1.675	2.89166094946112	8.36170304663836
Nyctimene_robinsoni	1.859	3.06521908417013	9.39556803396076
Nyctimene_vizcaccia	1.748	2.97019608506253	8.82206478372075
Paranyctimene_raptor	1.626	2.83904237199348	8.06016158997434
Pteropus_alecto	2.5	3.82069860124938	14.597737801589
Pteropus_conspicillatus	2.525	3.89493121910952	15.170489201594
Pteropus_hypomelanus	2.379	3.69716131393364	13.6690017812475
Pteropus_lylei	2.381	3.75598421253182	14.1074174047883
Pteropus_neohibernicus	2.558	3.92848620624869	15.4330038726862
Pteropus_poliocephalus	2.528	3.83016987335255	14.6702012587375
Pteropus_samoensis	2.4	3.73626675041077	13.959689230225
Pteropus_scapulatus	2.373	3.70549571470575	13.7306984917027
Pteropus_temminckii	2.353	3.66354900940771	13.4215913443322
Pteropus_tonganus	2.394	3.75825829746648	14.1245054304756
Pteropus_vampyrus	2.581	3.92972371176801	15.4427284508318
Rousettus_aegyptiacus	2.038	3.32486399626551	11.0547205936626
Rousettus_amplexicaudatus	1.914	3.1617898919156	9.99691532061967
Scotonycteris_zenkeri	1.623	2.8251361190744	7.98139409129878
Sphaerias_blanfordi	1.69	2.89058047078486	8.35545545808283
Syconycteris_australis	1.517	2.75449107699007	7.5872210932179
Anoura_caudifer	1.394	2.5806238378183	6.65961939231605
Anoura_geoffroyi	1.538	2.74657171798292	7.54365620202365
Ardops_nichollsi	1.528	2.72119019257957	7.40487606419122
Artibeus_cinereus	1.473	2.64696591916355	7.00642857721331
Artibeus_concolor	1.634	2.77277474031503	7.68827976052911
Artibeus_jamaicensis	1.77	2.98333261088124	8.9002734671475
Artibeus_lituratus	1.838	3.06496819373968	9.39403002863586
Aselliscus_stoliczkanus	1.152	2.14627742243429	4.60650677405116
Aselliscus_tricuspidatus	1.146	2.0993562087761	4.40729649132678
Brachyphylla_cavernarum	1.834	3.05292228999784	9.32033450876568
Cardioderma_cor	1.823	2.79992584642206	7.83958474546228
Carollia_perspicillata	1.561	2.71324648190518	7.36170647157086
Chalinolobus_gouldii	1.373	2.35195774032069	5.53170521225439
Chalinolobus_morio	1.286	2.24071974568802	5.02082497871619
Chiroderma_salvini	1.741	2.88624082329356	8.33038609004629
Chiroderma_trinitatum	1.549	2.70539048497075	7.31913767617029
Chiroderma_villosum	1.713	2.82351695180044	7.97224797710447
Choeroniscus_minor	1.382	2.5659450134905	6.58407381225677
Coleura_afra	1.42	2.38684133903795	5.69701157774045
Cormura_brevirostris	1.436	2.31547900333038	5.36144301486384
Craseonycteris_thonglongyai	1.025	1.91186407137902	3.65522422742997
Desmodus_rotundus	1.766	2.97496949473285	8.85044349459105
Diphylla_ecaudata	1.724	2.87975236516861	8.29297368469423
Emballonura_monticola	1.301	2.19689550326823	4.82634985228017
Emballonura_raffrayana	1.33	2.21750313113026	4.91732013657249
Eptesicus_brasiliensis	1.336	2.27704088235613	5.18491517992119
Eptesicus_fuscus_bahamensis	1.354	2.3513653086034	5.52891881450355
Eumops_auripendulus	1.779	2.75999624802448	7.6175792891092
Eumops_glaucinus	1.809	2.79101278730558	7.78975237890325
Furipterus_horrens	1.104	2.07959239815975	4.32470454248383
Glischropus_tylopus	1.049	1.97312302120491	3.89321445680878
Glossophaga_longirostris	1.444	2.6169266719764	6.84830520650148
Glossophaga_soricina	1.412	2.57354501835856	6.62313396151816
Harpiocephalus_harpia	1.481	2.62086344715862	6.86892520865216
Hesperoptenus_blanfordi	1.281	2.16984821507198	4.70824127645104
Hipposideros_armiger	1.89	2.87560056473481	8.26907860790317
Hipposideros_ater	1.369	2.30545128539469	5.31510562932804
Hipposideros_caffer	1.477	2.4627759440208	6.06526535044753
Macronycteris_commersoni	1.769	2.84697711567035	8.10527869715067
Hipposideros_diadema	1.84	2.82568898250015	7.98451822582275
Hipposideros_fulvus	1.401	2.34735841257385	5.51009151708124
Hipposideros_lankadiva	1.799	2.83381440820857	8.0305041001705
Hipposideros_larvatus	1.61	2.59070379701993	6.7117461638935
Hipposideros_ridleyi	1.453	2.40319100137588	5.775326989094
Hipposideros_speoris	1.458	2.42782469906196	5.89433276937531
Hipposideros_turpis	1.758	2.74970813235674	7.5608948131488
Ia_io	1.848	2.85693377655639	8.16207060362878
Kerivoula_papillosa	1.36	2.47004291344843	6.10111199427681
Lasiurus_borealis	1.272	2.20786055220101	4.87464821796536
Leptonycteris_curasoae	1.547	2.76007259430502	7.61800072583367
Leptonycteris_nivalis	1.555	2.74009904764629	7.50814279091213
Lonchophylla_mordax	1.494	2.61273847911539	6.82640236025021
Hsunycteris_thomasi	1.332	2.50023862095974	6.25119316173868
Lophostoma_silvicolum	1.792	2.85331808051172	8.14142406857511
Macroderma_gigas	2.16	3.20498065502424	10.2719009990796
Macrophyllum_macrophyllum	1.456	2.4790378028068	6.14562842774516
Megaderma_lyra	1.906	2.93241161841455	8.59903789981263
Megaderma_spasma	1.792	2.78365497627165	7.74873502692193
Mesophylla_macconnelli	1.386	2.5144416036305	6.32241657806794
Micronycteris_brachyotis	1.456	2.58328686142129	6.67337100839185
Micronycteris_megalotis	1.369	2.41295245824855	5.8223395657677
Micronycteris_minuta	1.316	2.43110917339505	5.91029181296557
Micronycteris_schmidtorum	1.364	2.46261324325241	6.06446398584217
Gardnerycteris_crenulatum	1.48	2.48743694137244	6.18734253730427
Miniopterus_australis	1.255	2.28796870242141	5.2348007832599
Miniopterus_inflatus	1.438	2.48807198431177	6.19050219911712
Miniopterus_magnater	1.43	2.4849865990346	6.17515839738155
Miniopterus_pusillus	1.26	2.31097785415854	5.34061864241123
Miniopterus_tristis	1.477	2.49587912679333	6.22941261556266
Molossus_molossus	1.516	2.47483774200244	6.12482184923971
Molossus_rufus	1.731	2.69716719929339	7.27471090094414
Monophyllus_plethodon	1.455	2.62023584937206	6.86563590633451
Mormoops_megalophylla	1.489	2.56247160047249	6.56626070322802
Murina_cyclotis	1.326	2.37139315447136	5.62350549307361
Murina_huttoni	1.31	2.38592275334146	5.69262738491251
Myotis_adversus	1.417	2.3772871201093	5.65149405143757
Myotis_albescens	1.111	2.07780309246655	4.31726569106356
Myotis_annectans	1.31	2.31710569964846	5.3689788233434
Myotis_bechsteinii	1.358	2.39586985328546	5.74019235388207
Myotis_bocagii	1.303	2.25339686523018	5.07779743222921
Myotis_dasycneme	1.513	2.46431986810657	6.07287241234477
Myotis_myotis	1.669	2.65907694339085	7.07069019087282
Myotis_nigricans	1.173	2.11100026230064	4.45632210743337
Myotis_siligorensis	1.045	1.98557890358024	3.9425235823429
Natalus_tumidirostris	1.283	2.36796538095518	5.60726004540222
Noctilio_albiventris	1.69	2.74963685311494	7.56050282400782
Noctilio_leporinus	1.953	3.04342425236468	9.26243117988151
Nyctalus_noctula	1.576	2.52928534798622	6.39728437153778
Nycteris_arge	1.574	2.51972165509131	6.34899721913611
Nycteris_grandis	1.862	2.82882341601125	8.00224191897357
Nycteris_hispida	1.479	2.43216548536531	5.91542894820225
Nycteris_javanica	1.733	2.65047090615567	7.02499602437764
Nycteris_macrotis	1.585	2.56570573628551	6.5828459252084
Nycteris_thebaica	1.516	2.4880134922472	6.19021113760409
Nyctophilus_geoffroyi	1.19	2.1954325071819	4.819923893591
Otomops_martiensseni	1.777	2.85387267955123	8.1445892710889
Peropteryx_macrotis	1.286	2.18774408447669	4.78622417916275
Phylloderma_stenops	1.852	3.10305487853701	9.62894957921231
Phyllostomus_discolor	1.802	3.01289560068157	9.07753990060635
Phyllostomus_elongatus	1.806	2.91962973558399	8.52423779290623
Phyllostomus_hastatus	1.981	3.15775224544109	9.97139924358827
Pipistrellus_javanicus	1.121	2.04743835568333	4.19200382032326
Pipistrellus_tenuis	1.017	1.94445839594312	3.78091845355368
Afronycteris_nana	1.009	1.97624949883145	3.90556208163155
Hypsugo_pulveratus	1.188	2.12583275320563	4.51916489460183
Perimyotis_subflavus	1.117	2.0689992385851	4.28075784926571
Pteronotus_gymnonotus	1.41	2.50919392843789	6.29605417050955
Pteronotus_parnellii_mesoamericanus	1.612	2.71076396835588	7.34824129213654
Pteronotus_personatus	1.276	2.33437416842607	5.44930275821491
Rhinolophus_cornutus	1.255	2.26307067478927	5.12148887909114
Rhinolophus_eloquens	1.558	2.58228368121921	6.66818901029102
Rhinolophus_hipposideros	1.182	2.14741999328989	4.61141262758114
Rhinolophus_landeri	1.446	2.41927248180996	5.85287934124292
Rhinolophus_lepidus	1.281	2.24246038366786	5.0286285723198
Rhinolophus_luctus	1.749	2.76563752486781	7.64875091895694
Rhinolophus_macrotis	1.305	2.29216841823355	5.2540360575473
Rhinolophus_malayanus	1.31	2.28065583157794	5.20139102211046
Rhinolophus_megaphyllus	1.382	2.39284327871508	5.72569895649193
Rhinolophus_pearsonii	1.474	2.49680535567541	6.23403698412942
Rhinolophus_pusillus	1.204	2.19036275728536	4.79768900850274
Rhinolophus_trifoliatus	1.588	2.51948592306197	6.34780931650745
Rhinolophus_yunnanensis	1.614	2.61598611233896	6.84338333995029
Rhinonicteris_aurantia	1.403	2.36980993185743	5.61599911313013
Rhinophylla_pumilio	1.356	2.52389337701925	6.37003777856165
Rhinopoma_hardwickii	1.481	2.41517493551946	5.83306996916144
Rhinopoma_microphyllum	1.605	2.56167523073907	6.56217998778205
Rhogeessa_parvula	1.111	2.02540404611476	4.10226155001805
Rhynchonycteris_naso	1.164	2.04732050651951	4.19152125641528
Saccopteryx_bilineata	1.456	2.33483311530367	5.45144567631863
Saccopteryx_canescens	1.246	2.08934484317686	4.36536187370975
Saccopteryx_leptura	1.346	2.18322541361085	4.76647320663625
Scotomanes_ornatus	1.637	2.55494722650546	6.52775533022796
Scotophilus_dinganii	1.658	2.6152095371468	6.83932092318357
Scotophilus_kuhlii	1.575	2.50605597481635	6.28031654891271
Sphaeronycteris_toxophyllum	1.62	2.69540272673135	7.26519585927081
Sturnira_lilium	1.521	2.7664442150746	7.6532135951197
Sturnira_ludovici	1.603	2.79971581818209	7.83840866257902
Sturnira_tildae	1.562	2.82056767486967	7.95560200851967
Tadarida_aegyptiaca	1.545	2.56759514736225	6.59254484075817
Taphozous_australis	1.737	2.68911434548403	7.23133596308799
Taphozous_hildegardeae	1.725	2.71134274302204	7.3513794701383
Taphozous_mauritianus	1.811	2.71797961523504	7.3874131888332
Taphozous_melanopogon	1.715	2.70480831622297	7.31598802750896
Tonatia_bidens	1.801	2.87212442061372	8.24909868748569
Lophostoma_schulzi	1.71	2.67681030271887	7.1653133967419
Trachops_cirrhosus	1.912	2.97719852358353	8.86371104882793
Triaenops_persicus	1.415	2.41026109600416	5.80935855091118
Tylonycteris_pachypus	0.987	1.87843900376487	3.52853309086516
Tylonycteris_robustula	1.127	2.03440793493338	4.1388156457199
Uroderma_bilobatum	1.614	2.76341624316696	7.636469332999
Vampyressa_pusilla	1.413	2.55572901399533	6.53175079297756
Vampyrum_spectrum	2.19	3.38883839645361	11.4842256772783
Alouatta_seniculus	2.994	4.69064476860801	22.0021483452696
Aotus_trivirgatus	2.612	4.20956514451613	17.7204387059251
Ateles_geoffroyi	3.171	5.00423671459412	25.0423850956918
Avahi_laniger	2.535	3.99079117597203	15.9264142102162
Plecturocebus_moloch	2.724	4.24999973790912	18.0624977722276
Callimico_goeldii	2.531	4.02141427425862	16.171772765211
Callithrix_jacchus	2.47	3.86010428447601	14.9004050870301
Cebuella_pygmaea	2.283	3.63358773263483	13.2029598107543
Cebus_albifrons	3.087	4.8258408678735	23.2887400820381
Cercopithecus_ascanius	3.065	4.80297404128273	23.0685596412358
Cercopithecus_mitis_mitis	3.132	4.84835244065239	23.5065213887799
Cheirogaleus_major	2.382	3.80396492768725	14.4701491710746
Cheirogaleus_medius	2.161	3.4708780230274	12.0469942507346
Daubentonia_madagascariensis	2.953	4.6294722319675	21.4320131465581
Erythrocebus_patas	3.21	5.01330305301563	25.1332075013758
Eulemur_fulvus_fulvus	2.771	4.34468914865517	18.876323798442
Galago_senegalensis	2.312	3.65384583826705	13.3505894098214
Galagoides_demidoff	2.13	3.50526524207999	12.2868844173341
Gorilla_gorilla	3.639	5.67214160105073	32.1731903423703
Homo_sapiens	3.908	6.09769523952942	37.1818872341798
Hylobates_lar	3.164	4.98887970833346	24.8889207442213
Indri_indri	2.99	4.55944787748954	20.7885649475439
Lagothrix_lagotricha	3.199	4.980177796679	24.8021708865345
Lepilemur_mustelinus	2.415	3.85550540645094	14.8649219391724
Lophocebus_albigena	3.248	4.9893093148895	24.8932074396431
Loris_tardigradus_tardigradus	2.342	3.79701647977618	14.4173341476919
Macaca_mulatta	3.14	4.94427327976376	24.4458382649859
Microcebus_murinus	1.93	3.22499777943092	10.4006106773343
Miopithecus_talapoin	2.917	4.57720824492106	20.9508353173733
Nasalis_larvatus	3.192	4.97211427746941	24.7219203882152
Nycticebus_coucang	2.538	4.07016900764897	16.5662757508262
Otolemur_crassicaudatus	2.584	3.98509131950917	15.8809528248273
Pan_troglodytes	3.573	5.58232825551133	31.1623887522802
Papio_cynocephalus	3.433	5.28121407692444	27.8912221263048
Perodicticus_potto	2.592	4.12079897970986	16.9809842311778
Pithecia_monachus	2.872	4.51688705271499	20.4022686469843
Piliocolobus_badius	3.125	4.86832778778568	23.7006154493262
Propithecus_verreauxi	2.892	4.40135338583513	19.3719116270023
Pygathrix_nemaeus	3.129	4.86047259819674	23.6241938778213
Saguinus_midas	2.521	3.98108200720884	15.8490139481219
Saguinus_oedipus	2.522	3.97903342592802	15.8327070046525
Saimiri_sciureus_sciureus	2.721	4.35321967494396	18.9505215383192
Tarsius_tarsier	2.294	3.53020840861181	12.4623714082335
Varecia_variegata	3.008	4.47260429620756	20.0041891904543
