Species_TTOL	MOB	rest_of_brain	BOD	BOD2
Anourosorex_squamipes	1.509	2.5613393948666	1.307	1.708249
Atelerix_algirus	2.466	3.45937494595256	2.867	8.219689
Blarina_brevicauda	1.461	2.56526016953364	1.267	1.605289
Chrysochloris_asiatica	1.768	2.8124927980164	1.69	2.8561
Chrysochloris_stuhlmanni	1.782	2.83356529108882	1.626	2.643876
Crocidura_attenuata	1.294	2.29369840905507	0.968	0.937024
Crocidura_flavescens	1.549	2.58207746336137	1.467	2.152089
Crocidura_hildegardeae	1.29	2.30064063157812	0.996	0.992016
Crocidura_denti	1.288	2.36479451634544	1.079	1.164241
Crocidura_russula	1.233	2.26471093422473	1.049	1.100401
Crocidura_suaveolens	1.212	2.25063238800831	1.013	1.026169
Cryptotis_parvus	1.312	2.36248471949945	0.991226075692495	0.982529133132744
Desmana_moschata	2.151	3.55635615102067	2.646	7.001316
Echinops_telfairi	1.856	2.74834886210844	1.942	3.771364
Echinosorex_gymnura	2.631	3.7443098228403	2.921	8.532241
Erinaceus_europaeus	2.526	3.47896517613914	2.929	8.579041
Euroscaptor_micrura	1.726	2.88161190363473	1.617	2.614689
Galemys_pyrenaicus	1.593	3.0873915761491	1.778	3.161284
Geogale_aurita	1.068	2.08153227068238	1	1
Hemicentetes_semispinosus	1.969	2.87971667978679	2.062	4.251844
Hemiechinus_auritus	2.242	3.22302557506589	2.371	5.621641
Hylomys_suillus	1.933	3.04265473490601	1.756	3.083536
Limnogale_mergulus	1.635	3.01708868959485	1.964	3.857296
Microgale_dobsoni	1.728	2.70344201843958	1.504	2.262016
Microgale_talazaci	1.835	2.85130596152045	1.683	2.832489
Micropotamogale_lamottei	1.533	2.86835860528116	1.808	3.268864
Micropotamogale_ruwenzorii	1.528	3.0239960099372	1.986	3.944196
Myosorex_sclateri	1.539	2.52863027572128	1.23	1.5129
Neomys_anomalus	1.117	2.4253493121911	1.037	1.075369
Neomys_fodiens	1.215	2.4844525337294	1.182	1.397124
Oryzorictes_hova	1.672	2.72555444984195	1.645	2.706025
Parascalops_breweri	1.77	2.9176407015745	1.731	2.996361
Potamogale_velox	1.924	3.58573403914356	2.791	7.789681
Ruwenzorisorex_suncoides	1.246	2.54319142403048	1.262	1.592644
Scalopus_aquaticus	1.938	3.09133564705225	2.061	4.247721
Scutisorex_somereni	1.769	2.77648055519446	1.792	3.211264
Setifer_setosus	2.329	3.13780347988815	2.373	5.631129
Solenodon_paradoxus	2.672	3.63091110993978	2.826	7.986276
Sorex_alpinus	1.22	2.39429748323639	1.033	1.067089
Sorex_araneus	1.236	2.30376222600923	0.987	0.974169
Sorex_cinereus	1.068	2.19894571979351	0.633	0.400689
Sorex_fumeus	1.179	2.35557876339451	0.924	0.853776
Sorex_hoyi	0.806	1.95473569737117	0.42	0.1764
Sorex_minutus	0.949	2.03191366086741	0.633	0.400689
Suncus_etruscus	0.672	1.76381793243763	0.762	0.580644
Suncus_murinus	1.567	2.54992986543294	1.529	2.337841
Sylvisorex_granti	1.188	2.19026550669	0.591	0.349281
Suncus_megalura	1.23	2.24721153694055	0.74	0.5476
Talpa_europaea	1.78	2.9763963558453	1.908	3.640464
Tenrec_ecaudatus	2.501	3.35823796436117	2.935	8.614225
Aepyprymnus_rufescens	2.641375	4.0785367274352	3.392697	11.510392933809
Antechinus_flavipes	1.705864	2.78774994860876	1.568202	2.459257512804
Antechinus_minimus	1.703291	2.86153430048589	1.724276	2.973127724176
Bettongia_gaimardi	2.579326	4.04663551459762	3.176091	10.087554040281
Bettongia_penicillata	2.66736	3.98021273823091	3.079181	9.481355630761
Burramys_parvus	1.576341	2.92464113314859	1.770852	3.135916805904
Cercartetus_nanus	1.298853	2.67775290596171	1.278754	1.635211792516
Dactylopsila_trivirgata	2.457428	3.76646475332113	2.643453	6.987843763209
Dasycercus_cristicauda	1.990339	3.16814378922862	2	4
Dasyuroides_byrnei	2.029789	3.1709361619783	2.146128	4.605865392384
Dasyurus_geoffroii	2.536432	3.70221513935253	2.69897	7.2844390609
Dasyurus_hallucatus	2.401917	3.45874340368618	3.021189	9.127582973721
Dendrolagus_lumholtzi	2.602711	4.32056441398414	3.78533	14.3287232089
Distoechurus_pennatus	1.61066	2.99668674974598	1.633468	2.668217707024
Dorcopsis	2.6861	4.18833195300086	3.462398	11.988199910404
Echymipera_kalubu	2.376759	3.52847956017657	2.819544	7.949828367936
Gymnobelideus_leadbeateri	1.933933	3.34769853893654	2.041393	4.167285380449
Hypsiprymnodon_moschatus	2.523356	3.74212014161771	2.748188	7.552537283344
Isoodon_macrourus	2.590284	3.58290385753117	3.033424	9.201661163776
Isoodon_obesulus_obesulus	2.513351	3.62554911049539	3.004321	9.025944671041
Osphranter_antilopinus	2.977129	4.71459609027679	4.537819	20.591801276761
Macropus_giganteus	2.924383	4.77506983526938	4.563481	20.825358837361
Notamacropus_irma	2.813247	4.36841530467472	3.819544	14.588916367936
Notamacropus_parma	2.46449	4.20117855029655	3.536558	12.507242487364
Notamacropus_parryi	2.896802	4.51970786965636	4.170262	17.391085148644
Osphranter_robustus	2.961753	4.66347772236744	4.409933	19.447509064489
Osphranter_rufus	2.863144	4.6959083965357	4.494155	20.197429164025
Thylamys_pallidior	1.519828	2.76345797589405	1.477121	2.181886448641
Marmosops_impavidus	1.963788	3.05568408388292	1.845098	3.404386629604
Monodelphis_brevicaudata	1.922206	2.94537022663038	1.924279	3.702849669841
Notoryctes_typhlops	1.955207	2.91376083971985	1.531479	2.345427927441
Petauroides_volans	1.835691	3.62032345471659	3.09691	9.5908515481
Petaurus_australis	2.281715	3.77024778429207	2.748188	7.552537283344
Petaurus_breviceps	1.869818	3.32467344517594	2.113943	4.468755007249
Petaurus_norfolcensis	2.035029	3.45766979672993	2.374748	5.639428063504
Petrogale_inornata	2.529943	4.23497248958282	3.628389	13.165206735321
Petrogale_lateralis	2.651472	4.16786355239828	3.556303	12.647291027809
Petrogale_penicillata	2.576802	4.31879823891567	3.690196	13.617546518416
Petrogale_purpureicollis	2.58995	4.24652097310723	3.740363	13.990315371769
Petropseudes_dahli	2.096215	3.69722055952986	3.127105	9.778785681025
Phascolarctos_cinereus	2.569374	4.22355030391757	3.968483	15.748857321289
Planigale_ingrami	0.869818	1.97840863192174	0.826075	0.682399905625
Planigale_maculata	1.152288	2.30272041723985	1.041393	1.084499380449
Potorous_tridactylus_tridactylus	2.835564	3.99808497676137	3.089905	9.547512909025
Pseudochirulus_canescens	1.980003	3.33597913853393	2.447158	5.988582276964
Pseudochirulus_forbesi	1.914872	3.47922966682932	2.70757	7.3309353049
Sarcophilus_harrisii	3.03623	4.14834965764349	3.732394	13.930764971236
Sminthopsis_crassicaudata	1.409933	2.53750425778387	1.146128	1.313609392384
Sminthopsis_leucopus	1.419956	2.66164229549523	1.361728	1.854303145984
Phalanger_gymnotis	2.5867	4.06032757480693	3.451786	11.914826589796
Thylacinus_cynocephalus	3.254548	4.70915133299125	4.342423	18.856637510929
Thylogale_billardierii	2.674953	4.34805949126278	3.845098	14.784778629604
Thylogale_stigmatica	2.645422	4.25065668458073	3.653213	13.345965223369
Trichosurus_vulpecula	2.488127	4.00237325530746	3.30103	10.8967990609
Vombatus_ursinus	3.028571	4.68410274637518	4.357935	18.991597464225
Wallabia_bicolor	2.91339	4.55349934894676	4.198657	17.628720603649
Balionycteris_maculata	1.494	2.68604357258994	1.158	1.340964
Casinycteris_argynnis	1.456	2.89835140151989	1.428	2.039184
Chironax_melanocephalus	1.554	2.75718362381577	1.248	1.557504
Cynopterus_brachyotis	1.775	2.966833649282	1.53	2.3409
Cynopterus_horsfieldii	1.82	3.11468350641045	1.773	3.143529
Cynopterus_sphinx	1.846	3.05354966776212	1.713	2.934369
Dobsonia_inermis	2.163	3.40766797562694	2.173	4.721929
Dobsonia_moluccensis	2.405	3.63531672034154	2.543	6.466849
Dobsonia_praedatrix	2.3	3.45265177566025	2.25	5.0625
Eidolon_helvum	2.32	3.60406636908379	2.418	5.846724
Eonycteris_spelaea	1.826	3.09326062869164	1.769	3.129361
Epomophorus_labiatus	1.939	3.17341455082117	1.806	3.261636
Epomops_franqueti	2.033	3.3178958890353	2.072	4.293184
Hypsignathus_monstrosus	2.134	3.51177917774895	2.491	6.205081
Macroglossus_minimus	1.43	2.72492739657078	1.164	1.354896
Megaerops_ecaudatus	1.658	2.87855040696948	1.38	1.9044
Megaloglossus_woermanni	1.403	2.80962194180342	1.253	1.570009
Melonycteris_melanops	1.804	3.08827988670424	1.675	2.805625
Melonycteris_woodfordi	1.649	2.98478330621441	1.549	2.399401
Epomophorus_pusillus	1.573	2.8916991691473	1.4	1.96
Myonycteris_torquata	1.749	3.04038415947288	1.561	2.436721
Notopteris_macdonaldi	1.799	3.14143861060649	1.841	3.389281
Nyctimene_albiventer	1.72	2.89166094946112	1.473	2.169729
Nyctimene_robinsoni	1.909	3.06521908417013	1.673	2.798929
Nyctimene_vizcaccia	1.865	2.97019608506253	1.549	2.399401
Paranyctimene_raptor	1.623	2.83904237199348	1.417	2.007889
Pteropus_alecto	2.377	3.82069860124938	2.775	7.700625
Pteropus_conspicillatus	2.486	3.89493121910952	2.875	8.265625
Pteropus_hypomelanus	2.341	3.69716131393364	2.591	6.713281
Pteropus_lylei	2.318	3.75598421253182	2.497	6.235009
Pteropus_neohibernicus	2.537	3.92848620624869	2.924	8.549776
Pteropus_poliocephalus	2.403	3.83016987335255	2.842	8.076964
Pteropus_samoensis	2.329	3.73626675041077	2.491	6.205081
Pteropus_scapulatus	2.249	3.70549571470575	2.574	6.625476
Pteropus_temminckii	2.288	3.66354900940771	2.398	5.750404
Pteropus_tonganus	2.351	3.75825829746648	2.652	7.033104
Pteropus_vampyrus	2.576	3.92972371176801	3.027	9.162729
Rousettus_aegyptiacus	2.059	3.32486399626551	2.111	4.456321
Rousettus_amplexicaudatus	2.006	3.1617898919156	1.856	3.444736
Scotonycteris_zenkeri	1.568	2.8251361190744	1.328	1.763584
Sphaerias_blanfordi	1.525	2.89058047078486	1.47	2.1609
Syconycteris_australis	1.497	2.75449107699007	1.207	1.456849
Anoura_caudifer	1.004	2.5806238378183	1.025	1.050625
Anoura_geoffroyi	1.26	2.74657171798292	1.204	1.449616
Ardops_nichollsi	1.447	2.72119019257957	1.352	1.827904
Artibeus_cinereus	1.276	2.64696591916355	1.1	1.21
Artibeus_concolor	1.412	2.77277474031503	1.288	1.658944
Artibeus_jamaicensis	1.588	2.98333261088124	1.613	2.601769
Artibeus_lituratus	1.733	3.06496819373968	1.748	3.055504
Aselliscus_stoliczkanus	0.225	2.14627742243429	0.69	0.4761
Aselliscus_tricuspidatus	0.316	2.0993562087761	0.643	0.413449
Brachyphylla_cavernarum	1.625	3.05292228999784	1.648	2.715904
Cardioderma_cor	0.907	2.79992584642206	1.415	2.002225
Carollia_perspicillata	1.42	2.71324648190518	1.25	1.5625
Chalinolobus_gouldii	0.759	2.35195774032069	1.068	1.140624
Chalinolobus_morio	0.498	2.24071974568802	0.919	0.844561
Chiroderma_salvini	1.493	2.88624082329356	1.417	2.007889
Chiroderma_trinitatum	1.324	2.70539048497075	1.137	1.292769
Chiroderma_villosum	1.438	2.82351695180044	1.394	1.943236
Choeroniscus_minor	0.971	2.5659450134905	0.982	0.964324
Coleura_afra	0.6	2.38684133903795	1.061	1.125721
Cormura_brevirostris	0.358	2.31547900333038	0.914	0.835396
Craseonycteris_thonglongyai	-0.18	1.91186407137902	0.408	0.166464
Desmodus_rotundus	1.519	2.97496949473285	1.56	2.4336
Diphylla_ecaudata	1.559	2.87975236516861	1.49	2.2201
Emballonura_monticola	0.072	2.19689550326823	0.724	0.524176
Emballonura_raffrayana	0.107	2.21750313113026	0.771	0.594441
Eptesicus_brasiliensis	0.652	2.27704088235613	0.964	0.929296
Eptesicus_fuscus_bahamensis	0.79	2.3513653086034	1.134	1.285956
Eumops_auripendulus	1.097	2.75999624802448	1.529	2.337841
Eumops_glaucinus	1.152	2.79101278730558	1.562	2.439844
Furipterus_horrens	0.137	2.07959239815975	0.535	0.286225
Glischropus_tylopus	0.358	1.97312302120491	0.69	0.4761
Glossophaga_longirostris	1.111	2.6169266719764	1.053	1.108809
Glossophaga_soricina	1.061	2.57354501835856	0.996	0.992016
Harpiocephalus_harpia	1.362	2.62086344715862	1.13	1.2769
Hesperoptenus_blanfordi	0.633	2.16984821507198	0.863	0.744769
Hipposideros_armiger	1.182	2.87560056473481	1.748	3.055504
Hipposideros_ater	0.533	2.30545128539469	0.839	0.703921
Hipposideros_caffer	0.731	2.4627759440208	1.041	1.083681
Macronycteris_commersoni	1.375	2.84697711567035	1.997	3.988009
Hipposideros_diadema	1.152	2.82568898250015	1.622	2.630884
Hipposideros_fulvus	0.713	2.34735841257385	0.845	0.714025
Hipposideros_lankadiva	1.188	2.83381440820857	1.686	2.842596
Hipposideros_larvatus	0.984	2.59070379701993	1.312	1.721344
Hipposideros_ridleyi	0.672	2.40319100137588	0.982	0.964324
Hipposideros_speoris	0.724	2.42782469906196	1.061	1.125721
Hipposideros_turpis	1.017	2.74970813235674	1.542	2.377764
Ia_io	1.228	2.85693377655639	1.727	2.982529
Kerivoula_papillosa	0.58	2.47004291344843	1.004	1.008016
Lasiurus_borealis	0.599	2.20786055220101	0.892	0.795664
Leptonycteris_curasoae	1.283	2.76007259430502	1.389	1.929321
Leptonycteris_nivalis	1.255	2.74009904764629	1.358	1.844164
Lonchophylla_mordax	1.049	2.61273847911539	1.029	1.058841
Hsunycteris_thomasi	0.975	2.50023862095974	0.839	0.703921
Lophostoma_silvicolum	1.164	2.85331808051172	1.509	2.277081
Macroderma_gigas	1.334	3.20498065502424	2.078	4.318084
Macrophyllum_macrophyllum	0.642	2.4790378028068	0.934	0.872356
Megaderma_lyra	1.255	2.93241161841455	1.587	2.518569
Megaderma_spasma	1.021	2.78365497627165	1.354	1.833316
Mesophylla_macconnelli	1.057	2.5144416036305	0.875	0.765625
Micronycteris_brachyotis	1.338	2.58328686142129	1.167	1.361889
Micronycteris_megalotis	1.013	2.41295245824855	0.813	0.660969
Micronycteris_minuta	1.079	2.43110917339505	0.839	0.703921
Micronycteris_schmidtorum	1.053	2.46261324325241	0.892	0.795664
Gardnerycteris_crenulatum	0.863	2.48743694137244	1.072	1.149184
Miniopterus_australis	0.65	2.28796870242141	0.851	0.724201
Miniopterus_inflatus	0.831	2.48807198431177	1.173	1.375929
Miniopterus_magnater	0.779	2.4849865990346	1.176	1.382976
Miniopterus_pusillus	0.6	2.31097785415854	0.934	0.872356
Miniopterus_tristis	0.787	2.49587912679333	1.193	1.423249
Molossus_molossus	0.874	2.47483774200244	1.137	1.292769
Molossus_rufus	1.111	2.69716719929339	1.526	2.328676
Monophyllus_plethodon	1.134	2.62023584937206	1.176	1.382976
Mormoops_megalophylla	0.823	2.56247160047249	1.196	1.430416
Murina_cyclotis	1.107	2.37139315447136	0.851	0.724201
Murina_huttoni	1.143	2.38592275334146	0.944	0.891136
Myotis_adversus	0.744	2.3772871201093	1.049	1.100401
Myotis_albescens	0.462	2.07780309246655	0.602	0.362404
Myotis_annectans	0.703	2.31710569964846	0.991	0.982081
Myotis_bechsteinii	0.893	2.39586985328546	0.978	0.956484
Myotis_bocagii	0.612	2.25339686523018	0.845	0.714025
Myotis_dasycneme	0.838	2.46431986810657	1.176	1.382976
Myotis_myotis	1.124	2.65907694339085	1.408	1.982464
Myotis_nigricans	0.459	2.11100026230064	0.663	0.439569
Myotis_siligorensis	0.336	1.98557890358024	0.539	0.290521
Natalus_tumidirostris	0.554	2.36796538095518	0.839	0.703921
Noctilio_albiventris	0.943	2.74963685311494	1.515	2.295225
Noctilio_leporinus	1.262	3.04342425236468	1.763	3.108169
Nyctalus_noctula	0.889	2.52928534798622	1.431	2.047761
Nycteris_arge	0.593	2.51972165509131	1.025	1.050625
Nycteris_grandis	0.785	2.82882341601125	1.474	2.172676
Nycteris_hispida	0.35	2.43216548536531	0.892	0.795664
Nycteris_javanica	0.529	2.65047090615567	1.265	1.600225
Nycteris_macrotis	0.618	2.56570573628551	1.161	1.347921
Nycteris_thebaica	0.462	2.4880134922472	0.949	0.900601
Nyctophilus_geoffroyi	0.652	2.1954325071819	0.857	0.734449
Otomops_martiensseni	1.155	2.85387267955123	1.618	2.617924
Peropteryx_macrotis	0.225	2.18774408447669	0.748	0.559504
Phylloderma_stenops	1.942	3.10305487853701	1.664	2.768896
Phyllostomus_discolor	1.6	3.01289560068157	1.563	2.442969
Phyllostomus_elongatus	1.31	2.91962973558399	1.652	2.729104
Phyllostomus_hastatus	1.631	3.15775224544109	1.963	3.853369
Pipistrellus_javanicus	0.497	2.04743835568333	0.653	0.426409
Pipistrellus_tenuis	0.391	1.94445839594312	0.591	0.349281
Afronycteris_nana	0.299	1.97624949883145	0.591	0.349281
Hypsugo_pulveratus	0.575	2.12583275320563	0.724	0.524176
Perimyotis_subflavus	0.548	2.0689992385851	0.724	0.524176
Pteronotus_gymnonotus	0.862	2.50919392843789	1.134	1.285956
Pteronotus_parnellii_mesoamericanus	1.072	2.71076396835588	1.305	1.703025
Pteronotus_personatus	0.686	2.33437416842607	0.908	0.824464
Rhinolophus_cornutus	0.553	2.26307067478927	0.82	0.6724
Rhinolophus_eloquens	0.972	2.58228368121921	1.281	1.640961
Rhinolophus_hipposideros	0.294	2.14741999328989	0.663	0.439569
Rhinolophus_landeri	0.747	2.41927248180996	0.987	0.974169
Rhinolophus_lepidus	0.622	2.24246038366786	0.778	0.605284
Rhinolophus_luctus	0.838	2.76563752486781	1.516	2.298256
Rhinolophus_macrotis	0.594	2.29216841823355	0.799	0.638401
Rhinolophus_malayanus	0.598	2.28065583157794	0.806	0.649636
Rhinolophus_megaphyllus	0.66	2.39284327871508	0.991	0.982081
Rhinolophus_pearsonii	0.641	2.49680535567541	1.143	1.306449
Rhinolophus_pusillus	0.533	2.19036275728536	0.672	0.451584
Rhinolophus_trifoliatus	0.513	2.51948592306197	1.164	1.354896
Rhinolophus_yunnanensis	0.946	2.61598611233896	1.371	1.879641
Rhinonicteris_aurantia	0.588	2.36980993185743	0.934	0.872356
Rhinophylla_pumilio	1.274	2.52389337701925	0.949	0.900601
Rhinopoma_hardwickii	0.789	2.41517493551946	1.111	1.234321
Rhinopoma_microphyllum	0.944	2.56167523073907	1.468	2.155024
Rhogeessa_parvula	0.447	2.02540404611476	0.653	0.426409
Rhynchonycteris_naso	-0.041	2.04732050651951	0.58	0.3364
Saccopteryx_bilineata	0.299	2.33483311530367	0.924	0.853776
Saccopteryx_canescens	0.045	2.08934484317686	0.531	0.281961
Saccopteryx_leptura	0.134	2.18322541361085	0.708	0.501264
Scotomanes_ornatus	0.914	2.55494722650546	1.338	1.790244
Scotophilus_dinganii	1.041	2.6152095371468	1.386	1.920996
Scotophilus_kuhlii	0.83	2.50605597481635	1.31	1.7161
Sphaeronycteris_toxophyllum	1.072	2.69540272673135	1.265	1.600225
Sturnira_lilium	1.453	2.7664442150746	1.305	1.703025
Sturnira_ludovici	1.496	2.79971581818209	1.413	1.996569
Sturnira_tildae	1.513	2.82056767486967	1.387	1.923769
Tadarida_aegyptiaca	1	2.56759514736225	1.248	1.557504
Taphozous_australis	0.936	2.68911434548403	1.38	1.9044
Taphozous_hildegardeae	1.041	2.71134274302204	1.438	2.067844
Taphozous_mauritianus	0.992	2.71797961523504	1.462	2.137444
Taphozous_melanopogon	1.004	2.70480831622297	1.356	1.838736
Tonatia_bidens	1.481	2.87212442061372	1.468	2.155024
Lophostoma_schulzi	0.954	2.67681030271887	1.328	1.763584
Trachops_cirrhosus	1.371	2.97719852358353	1.567	2.455489
Triaenops_persicus	0.718	2.41026109600416	1.137	1.292769
Tylonycteris_pachypus	0.25	1.87843900376487	0.681	0.463761
Tylonycteris_robustula	0.459	2.03440793493338	0.857	0.734449
Uroderma_bilobatum	1.458	2.76341624316696	1.21	1.4641
Vampyressa_pusilla	1.164	2.55572901399533	0.934	0.872356
Vampyrum_spectrum	1.964	3.38883839645361	2.238	5.008644
Alouatta_seniculus	1.617	4.69064476860801	3.806	14.485636
Aotus_trivirgatus	1.748	4.20956514451613	2.919	8.520561
Ateles_geoffroyi	1.956	5.00423671459412	3.903	15.233409
Avahi_laniger	1.95	3.99079117597203	3.109	9.665881
Plecturocebus_moloch	1.283	4.24999973790912	2.954	8.726116
Callimico_goeldii	1.431	4.02141427425862	2.681	7.187761
Callithrix_jacchus	1.358	3.86010428447601	2.447	5.987809
Cebuella_pygmaea	1.09	3.63358773263483	2.146	4.605316
Cebus_albifrons	1.601	4.8258408678735	3.491	12.187081
Cercopithecus_ascanius	1.998	4.80297404128273	3.531	12.467961
Cercopithecus_mitis_mitis	2.068	4.84835244065239	3.799	14.432401
Cheirogaleus_major	2.199	3.80396492768725	2.653	7.038409
Cheirogaleus_medius	2.009	3.4708780230274	2.248	5.053504
Daubentonia_madagascariensis	2.836	4.6294722319675	3.447	11.881809
Erythrocebus_patas	1.714	5.01330305301563	3.892	15.147664
Eulemur_fulvus_fulvus	2.316	4.34468914865517	3.146	9.897316
Galago_senegalensis	1.899	3.65384583826705	2.27	5.1529
Galagoides_demidoff	1.92	3.50526524207999	1.908	3.640464
Gorilla_gorilla	2.5	5.67214160105073	5.021	25.210441
Homo_sapiens	2.057	6.09769523952942	4.813	23.164969
Hylobates_lar	1.642	4.98887970833346	3.756	14.107536
Indri_indri	2.225	4.55944787748954	3.796	14.409616
Lagothrix_lagotricha	1.866	4.980177796679	3.716	13.808656
Lepilemur_mustelinus	2.053	3.85550540645094	2.961	8.767521
Lophocebus_albigena	2.083	4.9893093148895	3.898	15.194404
Loris_tardigradus_tardigradus	1.933	3.79701647977618	2.508	6.290064
Macaca_mulatta	1.926	4.94427327976376	3.892	15.147664
Microcebus_murinus	1.633	3.22499777943092	1.732	2.999824
Miopithecus_talapoin	1.444	4.57720824492106	3.079	9.480241
Nasalis_larvatus	1.481	4.97211427746941	4.146	17.189316
Nycticebus_coucang	2.201	4.07016900764897	2.903	8.427409
Otolemur_crassicaudatus	2.22	3.98509131950917	2.929	8.579041
Pan_troglodytes	2.41	5.58232825551133	4.663	21.743569
Papio_cynocephalus	2.458	5.28121407692444	4.398	19.342404
Perodicticus_potto	2.491	4.12079897970986	3.061	9.369721
Pithecia_monachus	1.542	4.51688705271499	3.176	10.086976
Piliocolobus_badius	1.71	4.86832778778568	3.845	14.784025
Propithecus_verreauxi	2.167	4.40135338583513	3.542	12.545764
Pygathrix_nemaeus	1.029	4.86047259819674	3.875	15.015625
Saguinus_midas	1.238	3.98108200720884	2.531	6.405961
Saguinus_oedipus	1.281	3.97903342592802	2.58	6.6564
Saimiri_sciureus_sciureus	1.428	4.35321967494396	2.82	7.9524
Tarsius_tarsier	1.274	3.53020840861181	2.097	4.397409
Varecia_variegata	2.567	4.47260429620756	3.477	12.089529
