Species_TTOL	MOB	rest_of_brain	BOD	BOD2
Anourosorex_squamipes	1.509	2.5613393948666	1.86328760196422	3.47184068763358
Atelerix_algirus	2.466	3.45937494595256	1.86328760196422	3.47184068763358
Blarina_brevicauda	1.461	2.56526016953364	1.86328760196422	3.47184068763358
Chrysochloris_asiatica	1.768	2.8124927980164	1.86328760196422	3.47184068763358
Chrysochloris_stuhlmanni	1.782	2.83356529108882	1.86328760196422	3.47184068763358
Crocidura_attenuata	1.294	2.29369840905507	1.86328760196422	3.47184068763358
Crocidura_flavescens	1.549	2.58207746336137	1.86328760196422	3.47184068763358
Crocidura_hildegardeae	1.29	2.30064063157812	1.86328760196422	3.47184068763358
Crocidura_denti	1.288	2.36479451634544	1.86328760196422	3.47184068763358
Crocidura_russula	1.233	2.26471093422473	1.86328760196422	3.47184068763358
Crocidura_suaveolens	1.212	2.25063238800831	1.86328760196422	3.47184068763358
Cryptotis_parvus	1.312	2.36248471949945	1.86328760196422	3.47184068763358
Desmana_moschata	2.151	3.55635615102067	1.86328760196422	3.47184068763358
Echinops_telfairi	1.856	2.74834886210844	1.86328760196422	3.47184068763358
Echinosorex_gymnura	2.631	3.7443098228403	1.86328760196422	3.47184068763358
Erinaceus_europaeus	2.526	3.47896517613914	1.86328760196422	3.47184068763358
Euroscaptor_micrura	1.726	2.88161190363473	1.86328760196422	3.47184068763358
Galemys_pyrenaicus	1.593	3.0873915761491	1.86328760196422	3.47184068763358
Geogale_aurita	1.068	2.08153227068238	1.86328760196422	3.47184068763358
Hemicentetes_semispinosus	1.969	2.87971667978679	1.86328760196422	3.47184068763358
Hemiechinus_auritus	2.242	3.22302557506589	1.86328760196422	3.47184068763358
Hylomys_suillus	1.933	3.04265473490601	1.86328760196422	3.47184068763358
Limnogale_mergulus	1.635	3.01708868959485	1.86328760196422	3.47184068763358
Microgale_dobsoni	1.728	2.70344201843958	1.86328760196422	3.47184068763358
Microgale_talazaci	1.835	2.85130596152045	1.86328760196422	3.47184068763358
Micropotamogale_lamottei	1.533	2.86835860528116	1.86328760196422	3.47184068763358
Micropotamogale_ruwenzorii	1.528	3.0239960099372	1.86328760196422	3.47184068763358
Myosorex_sclateri	1.539	2.52863027572128	1.86328760196422	3.47184068763358
Neomys_anomalus	1.117	2.4253493121911	1.86328760196422	3.47184068763358
Neomys_fodiens	1.215	2.4844525337294	1.86328760196422	3.47184068763358
Oryzorictes_hova	1.672	2.72555444984195	1.86328760196422	3.47184068763358
Parascalops_breweri	1.77	2.9176407015745	1.86328760196422	3.47184068763358
Potamogale_velox	1.924	3.58573403914356	1.86328760196422	3.47184068763358
Ruwenzorisorex_suncoides	1.246	2.54319142403048	1.86328760196422	3.47184068763358
Scalopus_aquaticus	1.938	3.09133564705225	1.86328760196422	3.47184068763358
Scutisorex_somereni	1.769	2.77648055519446	1.86328760196422	3.47184068763358
Setifer_setosus	2.329	3.13780347988815	1.86328760196422	3.47184068763358
Solenodon_paradoxus	2.672	3.63091110993978	1.86328760196422	3.47184068763358
Sorex_alpinus	1.22	2.39429748323639	1.86328760196422	3.47184068763358
Sorex_araneus	1.236	2.30376222600923	1.86328760196422	3.47184068763358
Sorex_cinereus	1.068	2.19894571979351	1.86328760196422	3.47184068763358
Sorex_fumeus	1.179	2.35557876339451	1.86328760196422	3.47184068763358
Sorex_hoyi	0.806	1.95473569737117	1.86328760196422	3.47184068763358
Sorex_minutus	0.949	2.03191366086741	1.86328760196422	3.47184068763358
Suncus_etruscus	0.672	1.76381793243763	1.86328760196422	3.47184068763358
Suncus_murinus	1.567	2.54992986543294	1.86328760196422	3.47184068763358
Sylvisorex_granti	1.188	2.19026550669	1.86328760196422	3.47184068763358
Suncus_megalura	1.23	2.24721153694055	1.86328760196422	3.47184068763358
Talpa_europaea	1.78	2.9763963558453	1.86328760196422	3.47184068763358
Tenrec_ecaudatus	2.501	3.35823796436117	1.86328760196422	3.47184068763358
Aepyprymnus_rufescens	2.641375	4.0785367274352	1.86328760196422	3.47184068763358
Antechinus_flavipes	1.705864	2.78774994860876	1.86328760196422	3.47184068763358
Antechinus_minimus	1.703291	2.86153430048589	1.86328760196422	3.47184068763358
Bettongia_gaimardi	2.579326	4.04663551459762	1.86328760196422	3.47184068763358
Bettongia_penicillata	2.66736	3.98021273823091	1.86328760196422	3.47184068763358
Burramys_parvus	1.576341	2.92464113314859	1.86328760196422	3.47184068763358
Cercartetus_nanus	1.298853	2.67775290596171	1.86328760196422	3.47184068763358
Dactylopsila_trivirgata	2.457428	3.76646475332113	1.86328760196422	3.47184068763358
Dasycercus_cristicauda	1.990339	3.16814378922862	1.86328760196422	3.47184068763358
Dasyuroides_byrnei	2.029789	3.1709361619783	1.86328760196422	3.47184068763358
Dasyurus_geoffroii	2.536432	3.70221513935253	1.86328760196422	3.47184068763358
Dasyurus_hallucatus	2.401917	3.45874340368618	1.86328760196422	3.47184068763358
Dendrolagus_lumholtzi	2.602711	4.32056441398414	1.86328760196422	3.47184068763358
Distoechurus_pennatus	1.61066	2.99668674974598	1.86328760196422	3.47184068763358
Dorcopsis	2.6861	4.18833195300086	1.86328760196422	3.47184068763358
Echymipera_kalubu	2.376759	3.52847956017657	1.86328760196422	3.47184068763358
Gymnobelideus_leadbeateri	1.933933	3.34769853893654	1.86328760196422	3.47184068763358
Hypsiprymnodon_moschatus	2.523356	3.74212014161771	1.86328760196422	3.47184068763358
Isoodon_macrourus	2.590284	3.58290385753117	1.86328760196422	3.47184068763358
Isoodon_obesulus_obesulus	2.513351	3.62554911049539	1.86328760196422	3.47184068763358
Osphranter_antilopinus	2.977129	4.71459609027679	1.86328760196422	3.47184068763358
Macropus_giganteus	2.924383	4.77506983526938	1.86328760196422	3.47184068763358
Notamacropus_irma	2.813247	4.36841530467472	1.86328760196422	3.47184068763358
Notamacropus_parma	2.46449	4.20117855029655	1.86328760196422	3.47184068763358
Notamacropus_parryi	2.896802	4.51970786965636	1.86328760196422	3.47184068763358
Osphranter_robustus	2.961753	4.66347772236744	1.86328760196422	3.47184068763358
Osphranter_rufus	2.863144	4.6959083965357	1.86328760196422	3.47184068763358
Thylamys_pallidior	1.519828	2.76345797589405	1.86328760196422	3.47184068763358
Marmosops_impavidus	1.963788	3.05568408388292	1.86328760196422	3.47184068763358
Monodelphis_brevicaudata	1.922206	2.94537022663038	1.86328760196422	3.47184068763358
Notoryctes_typhlops	1.955207	2.91376083971985	1.86328760196422	3.47184068763358
Petauroides_volans	1.835691	3.62032345471659	1.86328760196422	3.47184068763358
Petaurus_australis	2.281715	3.77024778429207	1.86328760196422	3.47184068763358
Petaurus_breviceps	1.869818	3.32467344517594	1.86328760196422	3.47184068763358
Petaurus_norfolcensis	2.035029	3.45766979672993	1.86328760196422	3.47184068763358
Petrogale_inornata	2.529943	4.23497248958282	1.86328760196422	3.47184068763358
Petrogale_lateralis	2.651472	4.16786355239828	1.86328760196422	3.47184068763358
Petrogale_penicillata	2.576802	4.31879823891567	1.86328760196422	3.47184068763358
Petrogale_purpureicollis	2.58995	4.24652097310723	1.86328760196422	3.47184068763358
Petropseudes_dahli	2.096215	3.69722055952986	1.86328760196422	3.47184068763358
Phascolarctos_cinereus	2.569374	4.22355030391757	1.86328760196422	3.47184068763358
Planigale_ingrami	0.869818	1.97840863192174	1.86328760196422	3.47184068763358
Planigale_maculata	1.152288	2.30272041723985	1.86328760196422	3.47184068763358
Potorous_tridactylus_tridactylus	2.835564	3.99808497676137	1.86328760196422	3.47184068763358
Pseudochirulus_canescens	1.980003	3.33597913853393	1.86328760196422	3.47184068763358
Pseudochirulus_forbesi	1.914872	3.47922966682932	1.86328760196422	3.47184068763358
Sarcophilus_harrisii	3.03623	4.14834965764349	1.86328760196422	3.47184068763358
Sminthopsis_crassicaudata	1.409933	2.53750425778387	1.86328760196422	3.47184068763358
Sminthopsis_leucopus	1.419956	2.66164229549523	1.86328760196422	3.47184068763358
Phalanger_gymnotis	2.5867	4.06032757480693	1.86328760196422	3.47184068763358
Thylacinus_cynocephalus	3.254548	4.70915133299125	1.86328760196422	3.47184068763358
Thylogale_billardierii	2.674953	4.34805949126278	1.86328760196422	3.47184068763358
Thylogale_stigmatica	2.645422	4.25065668458073	1.86328760196422	3.47184068763358
Trichosurus_vulpecula	2.488127	4.00237325530746	1.86328760196422	3.47184068763358
Vombatus_ursinus	3.028571	4.68410274637518	1.86328760196422	3.47184068763358
Wallabia_bicolor	2.91339	4.55349934894676	1.86328760196422	3.47184068763358
Balionycteris_maculata	1.494	2.68604357258994	1.86328760196422	3.47184068763358
Casinycteris_argynnis	1.456	2.89835140151989	1.86328760196422	3.47184068763358
Chironax_melanocephalus	1.554	2.75718362381577	1.86328760196422	3.47184068763358
Cynopterus_brachyotis	1.775	2.966833649282	1.86328760196422	3.47184068763358
Cynopterus_horsfieldii	1.82	3.11468350641045	1.86328760196422	3.47184068763358
Cynopterus_sphinx	1.846	3.05354966776212	1.86328760196422	3.47184068763358
Dobsonia_inermis	2.163	3.40766797562694	1.86328760196422	3.47184068763358
Dobsonia_moluccensis	2.405	3.63531672034154	1.86328760196422	3.47184068763358
Dobsonia_praedatrix	2.3	3.45265177566025	1.86328760196422	3.47184068763358
Eidolon_helvum	2.32	3.60406636908379	1.86328760196422	3.47184068763358
Eonycteris_spelaea	1.826	3.09326062869164	1.86328760196422	3.47184068763358
Epomophorus_labiatus	1.939	3.17341455082117	1.86328760196422	3.47184068763358
Epomops_franqueti	2.033	3.3178958890353	1.86328760196422	3.47184068763358
Hypsignathus_monstrosus	2.134	3.51177917774895	1.86328760196422	3.47184068763358
Macroglossus_minimus	1.43	2.72492739657078	1.86328760196422	3.47184068763358
Megaerops_ecaudatus	1.658	2.87855040696948	1.86328760196422	3.47184068763358
Megaloglossus_woermanni	1.403	2.80962194180342	1.86328760196422	3.47184068763358
Melonycteris_melanops	1.804	3.08827988670424	1.86328760196422	3.47184068763358
Melonycteris_woodfordi	1.649	2.98478330621441	1.86328760196422	3.47184068763358
Epomophorus_pusillus	1.573	2.8916991691473	1.86328760196422	3.47184068763358
Myonycteris_torquata	1.749	3.04038415947288	1.86328760196422	3.47184068763358
Notopteris_macdonaldi	1.799	3.14143861060649	1.86328760196422	3.47184068763358
Nyctimene_albiventer	1.72	2.89166094946112	1.86328760196422	3.47184068763358
Nyctimene_robinsoni	1.909	3.06521908417013	1.86328760196422	3.47184068763358
Nyctimene_vizcaccia	1.865	2.97019608506253	1.86328760196422	3.47184068763358
Paranyctimene_raptor	1.623	2.83904237199348	1.86328760196422	3.47184068763358
Pteropus_alecto	2.377	3.82069860124938	1.86328760196422	3.47184068763358
Pteropus_conspicillatus	2.486	3.89493121910952	1.86328760196422	3.47184068763358
Pteropus_hypomelanus	2.341	3.69716131393364	1.86328760196422	3.47184068763358
Pteropus_lylei	2.318	3.75598421253182	1.86328760196422	3.47184068763358
Pteropus_neohibernicus	2.537	3.92848620624869	1.86328760196422	3.47184068763358
Pteropus_poliocephalus	2.403	3.83016987335255	1.86328760196422	3.47184068763358
Pteropus_samoensis	2.329	3.73626675041077	1.86328760196422	3.47184068763358
Pteropus_scapulatus	2.249	3.70549571470575	1.86328760196422	3.47184068763358
Pteropus_temminckii	2.288	3.66354900940771	1.86328760196422	3.47184068763358
Pteropus_tonganus	2.351	3.75825829746648	1.86328760196422	3.47184068763358
Pteropus_vampyrus	2.576	3.92972371176801	1.86328760196422	3.47184068763358
Rousettus_aegyptiacus	2.059	3.32486399626551	1.86328760196422	3.47184068763358
Rousettus_amplexicaudatus	2.006	3.1617898919156	1.86328760196422	3.47184068763358
Scotonycteris_zenkeri	1.568	2.8251361190744	1.86328760196422	3.47184068763358
Sphaerias_blanfordi	1.525	2.89058047078486	1.86328760196422	3.47184068763358
Syconycteris_australis	1.497	2.75449107699007	1.86328760196422	3.47184068763358
Anoura_caudifer	1.004	2.5806238378183	1.86328760196422	3.47184068763358
Anoura_geoffroyi	1.26	2.74657171798292	1.86328760196422	3.47184068763358
Ardops_nichollsi	1.447	2.72119019257957	1.86328760196422	3.47184068763358
Artibeus_cinereus	1.276	2.64696591916355	1.86328760196422	3.47184068763358
Artibeus_concolor	1.412	2.77277474031503	1.86328760196422	3.47184068763358
Artibeus_jamaicensis	1.588	2.98333261088124	1.86328760196422	3.47184068763358
Artibeus_lituratus	1.733	3.06496819373968	1.86328760196422	3.47184068763358
Aselliscus_stoliczkanus	0.225	2.14627742243429	1.86328760196422	3.47184068763358
Aselliscus_tricuspidatus	0.316	2.0993562087761	1.86328760196422	3.47184068763358
Brachyphylla_cavernarum	1.625	3.05292228999784	1.86328760196422	3.47184068763358
Cardioderma_cor	0.907	2.79992584642206	1.86328760196422	3.47184068763358
Carollia_perspicillata	1.42	2.71324648190518	1.86328760196422	3.47184068763358
Chalinolobus_gouldii	0.759	2.35195774032069	1.86328760196422	3.47184068763358
Chalinolobus_morio	0.498	2.24071974568802	1.86328760196422	3.47184068763358
Chiroderma_salvini	1.493	2.88624082329356	1.86328760196422	3.47184068763358
Chiroderma_trinitatum	1.324	2.70539048497075	1.86328760196422	3.47184068763358
Chiroderma_villosum	1.438	2.82351695180044	1.86328760196422	3.47184068763358
Choeroniscus_minor	0.971	2.5659450134905	1.86328760196422	3.47184068763358
Coleura_afra	0.6	2.38684133903795	1.86328760196422	3.47184068763358
Cormura_brevirostris	0.358	2.31547900333038	1.86328760196422	3.47184068763358
Craseonycteris_thonglongyai	-0.18	1.91186407137902	1.86328760196422	3.47184068763358
Desmodus_rotundus	1.519	2.97496949473285	1.86328760196422	3.47184068763358
Diphylla_ecaudata	1.559	2.87975236516861	1.86328760196422	3.47184068763358
Emballonura_monticola	0.072	2.19689550326823	1.86328760196422	3.47184068763358
Emballonura_raffrayana	0.107	2.21750313113026	1.86328760196422	3.47184068763358
Eptesicus_brasiliensis	0.652	2.27704088235613	1.86328760196422	3.47184068763358
Eptesicus_fuscus_bahamensis	0.79	2.3513653086034	1.86328760196422	3.47184068763358
Eumops_auripendulus	1.097	2.75999624802448	1.86328760196422	3.47184068763358
Eumops_glaucinus	1.152	2.79101278730558	1.86328760196422	3.47184068763358
Furipterus_horrens	0.137	2.07959239815975	1.86328760196422	3.47184068763358
Glischropus_tylopus	0.358	1.97312302120491	1.86328760196422	3.47184068763358
Glossophaga_longirostris	1.111	2.6169266719764	1.86328760196422	3.47184068763358
Glossophaga_soricina	1.061	2.57354501835856	1.86328760196422	3.47184068763358
Harpiocephalus_harpia	1.362	2.62086344715862	1.86328760196422	3.47184068763358
Hesperoptenus_blanfordi	0.633	2.16984821507198	1.86328760196422	3.47184068763358
Hipposideros_armiger	1.182	2.87560056473481	1.86328760196422	3.47184068763358
Hipposideros_ater	0.533	2.30545128539469	1.86328760196422	3.47184068763358
Hipposideros_caffer	0.731	2.4627759440208	1.86328760196422	3.47184068763358
Macronycteris_commersoni	1.375	2.84697711567035	1.86328760196422	3.47184068763358
Hipposideros_diadema	1.152	2.82568898250015	1.86328760196422	3.47184068763358
Hipposideros_fulvus	0.713	2.34735841257385	1.86328760196422	3.47184068763358
Hipposideros_lankadiva	1.188	2.83381440820857	1.86328760196422	3.47184068763358
Hipposideros_larvatus	0.984	2.59070379701993	1.86328760196422	3.47184068763358
Hipposideros_ridleyi	0.672	2.40319100137588	1.86328760196422	3.47184068763358
Hipposideros_speoris	0.724	2.42782469906196	1.86328760196422	3.47184068763358
Hipposideros_turpis	1.017	2.74970813235674	1.86328760196422	3.47184068763358
Ia_io	1.228	2.85693377655639	1.86328760196422	3.47184068763358
Kerivoula_papillosa	0.58	2.47004291344843	1.86328760196422	3.47184068763358
Lasiurus_borealis	0.599	2.20786055220101	1.86328760196422	3.47184068763358
Leptonycteris_curasoae	1.283	2.76007259430502	1.86328760196422	3.47184068763358
Leptonycteris_nivalis	1.255	2.74009904764629	1.86328760196422	3.47184068763358
Lonchophylla_mordax	1.049	2.61273847911539	1.86328760196422	3.47184068763358
Hsunycteris_thomasi	0.975	2.50023862095974	1.86328760196422	3.47184068763358
Lophostoma_silvicolum	1.164	2.85331808051172	1.86328760196422	3.47184068763358
Macroderma_gigas	1.334	3.20498065502424	1.86328760196422	3.47184068763358
Macrophyllum_macrophyllum	0.642	2.4790378028068	1.86328760196422	3.47184068763358
Megaderma_lyra	1.255	2.93241161841455	1.86328760196422	3.47184068763358
Megaderma_spasma	1.021	2.78365497627165	1.86328760196422	3.47184068763358
Mesophylla_macconnelli	1.057	2.5144416036305	1.86328760196422	3.47184068763358
Micronycteris_brachyotis	1.338	2.58328686142129	1.86328760196422	3.47184068763358
Micronycteris_megalotis	1.013	2.41295245824855	1.86328760196422	3.47184068763358
Micronycteris_minuta	1.079	2.43110917339505	1.86328760196422	3.47184068763358
Micronycteris_schmidtorum	1.053	2.46261324325241	1.86328760196422	3.47184068763358
Gardnerycteris_crenulatum	0.863	2.48743694137244	1.86328760196422	3.47184068763358
Miniopterus_australis	0.65	2.28796870242141	1.86328760196422	3.47184068763358
Miniopterus_inflatus	0.831	2.48807198431177	1.86328760196422	3.47184068763358
Miniopterus_magnater	0.779	2.4849865990346	1.86328760196422	3.47184068763358
Miniopterus_pusillus	0.6	2.31097785415854	1.86328760196422	3.47184068763358
Miniopterus_tristis	0.787	2.49587912679333	1.86328760196422	3.47184068763358
Molossus_molossus	0.874	2.47483774200244	1.86328760196422	3.47184068763358
Molossus_rufus	1.111	2.69716719929339	1.86328760196422	3.47184068763358
Monophyllus_plethodon	1.134	2.62023584937206	1.86328760196422	3.47184068763358
Mormoops_megalophylla	0.823	2.56247160047249	1.86328760196422	3.47184068763358
Murina_cyclotis	1.107	2.37139315447136	1.86328760196422	3.47184068763358
Murina_huttoni	1.143	2.38592275334146	1.86328760196422	3.47184068763358
Myotis_adversus	0.744	2.3772871201093	1.86328760196422	3.47184068763358
Myotis_albescens	0.462	2.07780309246655	1.86328760196422	3.47184068763358
Myotis_annectans	0.703	2.31710569964846	1.86328760196422	3.47184068763358
Myotis_bechsteinii	0.893	2.39586985328546	1.86328760196422	3.47184068763358
Myotis_bocagii	0.612	2.25339686523018	1.86328760196422	3.47184068763358
Myotis_dasycneme	0.838	2.46431986810657	1.86328760196422	3.47184068763358
Myotis_myotis	1.124	2.65907694339085	1.86328760196422	3.47184068763358
Myotis_nigricans	0.459	2.11100026230064	1.86328760196422	3.47184068763358
Myotis_siligorensis	0.336	1.98557890358024	1.86328760196422	3.47184068763358
Natalus_tumidirostris	0.554	2.36796538095518	1.86328760196422	3.47184068763358
Noctilio_albiventris	0.943	2.74963685311494	1.86328760196422	3.47184068763358
Noctilio_leporinus	1.262	3.04342425236468	1.86328760196422	3.47184068763358
Nyctalus_noctula	0.889	2.52928534798622	1.86328760196422	3.47184068763358
Nycteris_arge	0.593	2.51972165509131	1.86328760196422	3.47184068763358
Nycteris_grandis	0.785	2.82882341601125	1.86328760196422	3.47184068763358
Nycteris_hispida	0.35	2.43216548536531	1.86328760196422	3.47184068763358
Nycteris_javanica	0.529	2.65047090615567	1.86328760196422	3.47184068763358
Nycteris_macrotis	0.618	2.56570573628551	1.86328760196422	3.47184068763358
Nycteris_thebaica	0.462	2.4880134922472	1.86328760196422	3.47184068763358
Nyctophilus_geoffroyi	0.652	2.1954325071819	1.86328760196422	3.47184068763358
Otomops_martiensseni	1.155	2.85387267955123	1.86328760196422	3.47184068763358
Peropteryx_macrotis	0.225	2.18774408447669	1.86328760196422	3.47184068763358
Phylloderma_stenops	1.942	3.10305487853701	1.86328760196422	3.47184068763358
Phyllostomus_discolor	1.6	3.01289560068157	1.86328760196422	3.47184068763358
Phyllostomus_elongatus	1.31	2.91962973558399	1.86328760196422	3.47184068763358
Phyllostomus_hastatus	1.631	3.15775224544109	1.86328760196422	3.47184068763358
Pipistrellus_javanicus	0.497	2.04743835568333	1.86328760196422	3.47184068763358
Pipistrellus_tenuis	0.391	1.94445839594312	1.86328760196422	3.47184068763358
Afronycteris_nana	0.299	1.97624949883145	1.86328760196422	3.47184068763358
Hypsugo_pulveratus	0.575	2.12583275320563	1.86328760196422	3.47184068763358
Perimyotis_subflavus	0.548	2.0689992385851	1.86328760196422	3.47184068763358
Pteronotus_gymnonotus	0.862	2.50919392843789	1.86328760196422	3.47184068763358
Pteronotus_parnellii_mesoamericanus	1.072	2.71076396835588	1.86328760196422	3.47184068763358
Pteronotus_personatus	0.686	2.33437416842607	1.86328760196422	3.47184068763358
Rhinolophus_cornutus	0.553	2.26307067478927	1.86328760196422	3.47184068763358
Rhinolophus_eloquens	0.972	2.58228368121921	1.86328760196422	3.47184068763358
Rhinolophus_hipposideros	0.294	2.14741999328989	1.86328760196422	3.47184068763358
Rhinolophus_landeri	0.747	2.41927248180996	1.86328760196422	3.47184068763358
Rhinolophus_lepidus	0.622	2.24246038366786	1.86328760196422	3.47184068763358
Rhinolophus_luctus	0.838	2.76563752486781	1.86328760196422	3.47184068763358
Rhinolophus_macrotis	0.594	2.29216841823355	1.86328760196422	3.47184068763358
Rhinolophus_malayanus	0.598	2.28065583157794	1.86328760196422	3.47184068763358
Rhinolophus_megaphyllus	0.66	2.39284327871508	1.86328760196422	3.47184068763358
Rhinolophus_pearsonii	0.641	2.49680535567541	1.86328760196422	3.47184068763358
Rhinolophus_pusillus	0.533	2.19036275728536	1.86328760196422	3.47184068763358
Rhinolophus_trifoliatus	0.513	2.51948592306197	1.86328760196422	3.47184068763358
Rhinolophus_yunnanensis	0.946	2.61598611233896	1.86328760196422	3.47184068763358
Rhinonicteris_aurantia	0.588	2.36980993185743	1.86328760196422	3.47184068763358
Rhinophylla_pumilio	1.274	2.52389337701925	1.86328760196422	3.47184068763358
Rhinopoma_hardwickii	0.789	2.41517493551946	1.86328760196422	3.47184068763358
Rhinopoma_microphyllum	0.944	2.56167523073907	1.86328760196422	3.47184068763358
Rhogeessa_parvula	0.447	2.02540404611476	1.86328760196422	3.47184068763358
Rhynchonycteris_naso	-0.041	2.04732050651951	1.86328760196422	3.47184068763358
Saccopteryx_bilineata	0.299	2.33483311530367	1.86328760196422	3.47184068763358
Saccopteryx_canescens	0.045	2.08934484317686	1.86328760196422	3.47184068763358
Saccopteryx_leptura	0.134	2.18322541361085	1.86328760196422	3.47184068763358
Scotomanes_ornatus	0.914	2.55494722650546	1.86328760196422	3.47184068763358
Scotophilus_dinganii	1.041	2.6152095371468	1.86328760196422	3.47184068763358
Scotophilus_kuhlii	0.83	2.50605597481635	1.86328760196422	3.47184068763358
Sphaeronycteris_toxophyllum	1.072	2.69540272673135	1.86328760196422	3.47184068763358
Sturnira_lilium	1.453	2.7664442150746	1.86328760196422	3.47184068763358
Sturnira_ludovici	1.496	2.79971581818209	1.86328760196422	3.47184068763358
Sturnira_tildae	1.513	2.82056767486967	1.86328760196422	3.47184068763358
Tadarida_aegyptiaca	1	2.56759514736225	1.86328760196422	3.47184068763358
Taphozous_australis	0.936	2.68911434548403	1.86328760196422	3.47184068763358
Taphozous_hildegardeae	1.041	2.71134274302204	1.86328760196422	3.47184068763358
Taphozous_mauritianus	0.992	2.71797961523504	1.86328760196422	3.47184068763358
Taphozous_melanopogon	1.004	2.70480831622297	1.86328760196422	3.47184068763358
Tonatia_bidens	1.481	2.87212442061372	1.86328760196422	3.47184068763358
Lophostoma_schulzi	0.954	2.67681030271887	1.86328760196422	3.47184068763358
Trachops_cirrhosus	1.371	2.97719852358353	1.86328760196422	3.47184068763358
Triaenops_persicus	0.718	2.41026109600416	1.86328760196422	3.47184068763358
Tylonycteris_pachypus	0.25	1.87843900376487	1.86328760196422	3.47184068763358
Tylonycteris_robustula	0.459	2.03440793493338	1.86328760196422	3.47184068763358
Uroderma_bilobatum	1.458	2.76341624316696	1.86328760196422	3.47184068763358
Vampyressa_pusilla	1.164	2.55572901399533	1.86328760196422	3.47184068763358
Vampyrum_spectrum	1.964	3.38883839645361	1.86328760196422	3.47184068763358
Alouatta_seniculus	1.617	4.69064476860801	1.86328760196422	3.47184068763358
Aotus_trivirgatus	1.748	4.20956514451613	1.86328760196422	3.47184068763358
Ateles_geoffroyi	1.956	5.00423671459412	1.86328760196422	3.47184068763358
Avahi_laniger	1.95	3.99079117597203	1.86328760196422	3.47184068763358
Plecturocebus_moloch	1.283	4.24999973790912	1.86328760196422	3.47184068763358
Callimico_goeldii	1.431	4.02141427425862	1.86328760196422	3.47184068763358
Callithrix_jacchus	1.358	3.86010428447601	1.86328760196422	3.47184068763358
Cebuella_pygmaea	1.09	3.63358773263483	1.86328760196422	3.47184068763358
Cebus_albifrons	1.601	4.8258408678735	1.86328760196422	3.47184068763358
Cercopithecus_ascanius	1.998	4.80297404128273	1.86328760196422	3.47184068763358
Cercopithecus_mitis_mitis	2.068	4.84835244065239	1.86328760196422	3.47184068763358
Cheirogaleus_major	2.199	3.80396492768725	1.86328760196422	3.47184068763358
Cheirogaleus_medius	2.009	3.4708780230274	1.86328760196422	3.47184068763358
Daubentonia_madagascariensis	2.836	4.6294722319675	1.86328760196422	3.47184068763358
Erythrocebus_patas	1.714	5.01330305301563	1.86328760196422	3.47184068763358
Eulemur_fulvus_fulvus	2.316	4.34468914865517	1.86328760196422	3.47184068763358
Galago_senegalensis	1.899	3.65384583826705	1.86328760196422	3.47184068763358
Galagoides_demidoff	1.92	3.50526524207999	1.86328760196422	3.47184068763358
Gorilla_gorilla	2.5	5.67214160105073	1.86328760196422	3.47184068763358
Homo_sapiens	2.057	6.09769523952942	1.86328760196422	3.47184068763358
Hylobates_lar	1.642	4.98887970833346	1.86328760196422	3.47184068763358
Indri_indri	2.225	4.55944787748954	1.86328760196422	3.47184068763358
Lagothrix_lagotricha	1.866	4.980177796679	1.86328760196422	3.47184068763358
Lepilemur_mustelinus	2.053	3.85550540645094	1.86328760196422	3.47184068763358
Lophocebus_albigena	2.083	4.9893093148895	1.86328760196422	3.47184068763358
Loris_tardigradus_tardigradus	1.933	3.79701647977618	1.86328760196422	3.47184068763358
Macaca_mulatta	1.926	4.94427327976376	1.86328760196422	3.47184068763358
Microcebus_murinus	1.633	3.22499777943092	1.86328760196422	3.47184068763358
Miopithecus_talapoin	1.444	4.57720824492106	1.86328760196422	3.47184068763358
Nasalis_larvatus	1.481	4.97211427746941	1.86328760196422	3.47184068763358
Nycticebus_coucang	2.201	4.07016900764897	1.86328760196422	3.47184068763358
Otolemur_crassicaudatus	2.22	3.98509131950917	1.86328760196422	3.47184068763358
Pan_troglodytes	2.41	5.58232825551133	1.86328760196422	3.47184068763358
Papio_cynocephalus	2.458	5.28121407692444	1.86328760196422	3.47184068763358
Perodicticus_potto	2.491	4.12079897970986	1.86328760196422	3.47184068763358
Pithecia_monachus	1.542	4.51688705271499	1.86328760196422	3.47184068763358
Piliocolobus_badius	1.71	4.86832778778568	1.86328760196422	3.47184068763358
Propithecus_verreauxi	2.167	4.40135338583513	1.86328760196422	3.47184068763358
Pygathrix_nemaeus	1.029	4.86047259819674	1.86328760196422	3.47184068763358
Saguinus_midas	1.238	3.98108200720884	1.86328760196422	3.47184068763358
Saguinus_oedipus	1.281	3.97903342592802	1.86328760196422	3.47184068763358
Saimiri_sciureus_sciureus	1.428	4.35321967494396	1.86328760196422	3.47184068763358
Tarsius_tarsier	1.274	3.53020840861181	1.86328760196422	3.47184068763358
Varecia_variegata	2.567	4.47260429620756	1.86328760196422	3.47184068763358
