Species_TTOL	PAL	rest_of_brain	rest_of_brain2	BOD	BOD2
Anourosorex_squamipes	1.667	2.5613393948666	6.56045949569562	1.86328760196422	3.47184068763358
Atelerix_algirus	2.517	3.45937494595256	11.9672750166842	1.86328760196422	3.47184068763358
Blarina_brevicauda	1.602	2.56526016953364	6.58055973739577	1.86328760196422	3.47184068763358
Chrysochloris_asiatica	1.94	2.8124927980164	7.91011573889411	1.86328760196422	3.47184068763358
Chrysochloris_stuhlmanni	1.996	2.83356529108882	8.02909225886326	1.86328760196422	3.47184068763358
Crocidura_attenuata	1.375	2.29369840905507	5.26105239170176	1.86328760196422	3.47184068763358
Crocidura_flavescens	1.632	2.58207746336137	6.66712402679868	1.86328760196422	3.47184068763358
Crocidura_hildegardeae	1.455	2.30064063157812	5.29294731566815	1.86328760196422	3.47184068763358
Crocidura_denti	1.453	2.36479451634544	5.59225310453746	1.86328760196422	3.47184068763358
Crocidura_russula	1.342	2.26471093422473	5.12891561559707	1.86328760196422	3.47184068763358
Crocidura_suaveolens	1.334	2.25063238800831	5.065346145952	1.86328760196422	3.47184068763358
Cryptotis_parvus	1.441	2.36248471949945	5.5813340498684	1.86328760196422	3.47184068763358
Desmana_moschata	2.322	3.55635615102067	12.6476690729026	1.86328760196422	3.47184068763358
Echinops_telfairi	1.934	2.74834886210844	7.55342146785276	1.86328760196422	3.47184068763358
Echinosorex_gymnura	2.774	3.7443098228403	14.0198560494184	1.86328760196422	3.47184068763358
Erinaceus_europaeus	2.54	3.47896517613914	12.1031986967888	1.86328760196422	3.47184068763358
Euroscaptor_micrura	1.857	2.88161190363473	8.30368716316934	1.86328760196422	3.47184068763358
Galemys_pyrenaicus	1.801	3.0873915761491	9.53198674447644	1.86328760196422	3.47184068763358
Geogale_aurita	1.072	2.08153227068238	4.33277659389213	1.86328760196422	3.47184068763358
Hemicentetes_semispinosus	2.013	2.87971667978679	8.29276815584225	1.86328760196422	3.47184068763358
Hemiechinus_auritus	2.266	3.22302557506589	10.3878938575288	1.86328760196422	3.47184068763358
Hylomys_suillus	2.063	3.04265473490601	9.25774783584598	1.86328760196422	3.47184068763358
Limnogale_mergulus	1.736	3.01708868959485	9.10282416088118	1.86328760196422	3.47184068763358
Microgale_dobsoni	1.85	2.70344201843958	7.30859874706469	1.86328760196422	3.47184068763358
Microgale_talazaci	1.995	2.85130596152045	8.12994568620207	1.86328760196422	3.47184068763358
Micropotamogale_lamottei	1.638	2.86835860528116	8.22748108849048	1.86328760196422	3.47184068763358
Micropotamogale_ruwenzorii	1.722	3.0239960099372	9.14455186811612	1.86328760196422	3.47184068763358
Myosorex_sclateri	1.684	2.52863027572128	6.39397107129426	1.86328760196422	3.47184068763358
Neomys_anomalus	1.336	2.4253493121911	5.88231928614584	1.86328760196422	3.47184068763358
Neomys_fodiens	1.358	2.4844525337294	6.17250439235441	1.86328760196422	3.47184068763358
Oryzorictes_hova	1.787	2.72555444984195	7.42864705905324	1.86328760196422	3.47184068763358
Parascalops_breweri	1.914	2.9176407015745	8.51262726348414	1.86328760196422	3.47184068763358
Potamogale_velox	2.031	3.58573403914356	12.8574885994728	1.86328760196422	3.47184068763358
Ruwenzorisorex_suncoides	1.431	2.54319142403048	6.4678226192622	1.86328760196422	3.47184068763358
Scalopus_aquaticus	2.104	3.09133564705225	9.55635608273596	1.86328760196422	3.47184068763358
Scutisorex_somereni	1.881	2.77648055519446	7.70884427337294	1.86328760196422	3.47184068763358
Setifer_setosus	2.365	3.13780347988815	9.84581067839821	1.86328760196422	3.47184068763358
Solenodon_paradoxus	2.704	3.63091110993978	13.1835154882841	1.86328760196422	3.47184068763358
Sorex_alpinus	1.418	2.39429748323639	5.73266043823212	1.86328760196422	3.47184068763358
Sorex_araneus	1.412	2.30376222600923	5.30732039398702	1.86328760196422	3.47184068763358
Sorex_cinereus	1.312	2.19894571979351	4.83536227859818	1.86328760196422	3.47184068763358
Sorex_fumeus	1.438	2.35557876339451	5.5487513105552	1.86328760196422	3.47184068763358
Sorex_hoyi	1.021	1.95473569737117	3.82099164657714	1.86328760196422	3.47184068763358
Sorex_minutus	1.104	2.03191366086741	4.12867312521959	1.86328760196422	3.47184068763358
Suncus_etruscus	0.82	1.76381793243763	3.11105369878857	1.86328760196422	3.47184068763358
Suncus_murinus	1.634	2.54992986543294	6.50214231862683	1.86328760196422	3.47184068763358
Sylvisorex_granti	1.338	2.19026550669	4.797262989796	1.86328760196422	3.47184068763358
Suncus_megalura	1.375	2.24721153694055	5.04995969175869	1.86328760196422	3.47184068763358
Talpa_europaea	1.883	2.9763963558453	8.85893526708917	1.86328760196422	3.47184068763358
Tenrec_ecaudatus	2.517	3.35823796436117	11.2777622252766	1.86328760196422	3.47184068763358
Aepyprymnus_rufescens	2.763428	4.0785367274352	16.6344618370378	1.86328760196422	3.47184068763358
Antechinus_flavipes	1.79795	2.78774994860876	7.77154977596817	1.86328760196422	3.47184068763358
Antechinus_minimus	1.926342	2.86153430048589	8.18837855285726	1.86328760196422	3.47184068763358
Bettongia_gaimardi	2.799961	4.04663551459762	16.3752589880027	1.86328760196422	3.47184068763358
Bettongia_penicillata	2.7577	3.98021273823091	15.8420934415756	1.86328760196422	3.47184068763358
Burramys_parvus	1.759668	2.92464113314859	8.55352575770467	1.86328760196422	3.47184068763358
Cercartetus_nanus	1.431364	2.67775290596171	7.17036062538641	1.86328760196422	3.47184068763358
Dactylopsila_trivirgata	2.605736	3.76646475332113	14.1862567380104	1.86328760196422	3.47184068763358
Dasycercus_cristicauda	2.089905	3.16814378922862	10.0371350692279	1.86328760196422	3.47184068763358
Dasyuroides_byrnei	2.11059	3.1709361619783	10.0548361433417	1.86328760196422	3.47184068763358
Dasyurus_geoffroii	2.584557	3.70221513935253	13.706396938051	1.86328760196422	3.47184068763358
Dasyurus_hallucatus	2.406029	3.45874340368618	11.9629059325426	1.86328760196422	3.47184068763358
Dendrolagus_lumholtzi	2.819412	4.32056441398414	18.6672768553861	1.86328760196422	3.47184068763358
Distoechurus_pennatus	1.812245	2.99668674974598	8.98013147610311	1.86328760196422	3.47184068763358
Dorcopsis	2.889806	4.18833195300086	17.542124548528	1.86328760196422	3.47184068763358
Echymipera_kalubu	2.588047	3.52847956017657	12.4501680065838	1.86328760196422	3.47184068763358
Gymnobelideus_leadbeateri	2.102434	3.34769853893654	11.2070855075978	1.86328760196422	3.47184068763358
Hypsiprymnodon_moschatus	2.611405	3.74212014161771	14.0034631543009	1.86328760196422	3.47184068763358
Isoodon_macrourus	2.655427	3.58290385753117	12.8372000523117	1.86328760196422	3.47184068763358
Isoodon_obesulus_obesulus	2.661339	3.62554911049539	13.1446063526139	1.86328760196422	3.47184068763358
Osphranter_antilopinus	3.209783	4.71459609027679	22.2274162944531	1.86328760196422	3.47184068763358
Macropus_giganteus	3.278067	4.77506983526938	22.8012919316995	1.86328760196422	3.47184068763358
Notamacropus_irma	2.968763	4.36841530467472	19.0830522741163	1.86328760196422	3.47184068763358
Notamacropus_parma	2.795463	4.20117855029655	17.6499012114718	1.86328760196422	3.47184068763358
Notamacropus_parryi	3.09237	4.51970786965636	20.4277592270336	1.86328760196422	3.47184068763358
Osphranter_robustus	3.192846	4.66347772236744	21.7480244670174	1.86328760196422	3.47184068763358
Osphranter_rufus	3.142076	4.6959083965357	22.0515556686545	1.86328760196422	3.47184068763358
Thylamys_pallidior	1.686636	2.76345797589405	7.63669998453245	1.86328760196422	3.47184068763358
Marmosops_impavidus	2.044932	3.05568408388292	9.33720522049542	1.86328760196422	3.47184068763358
Monodelphis_brevicaudata	1.980912	2.94537022663038	8.67520577192069	1.86328760196422	3.47184068763358
Notoryctes_typhlops	2.077368	2.91376083971985	8.49000223108495	1.86328760196422	3.47184068763358
Petauroides_volans	2.204391	3.62032345471659	13.106741916771	1.86328760196422	3.47184068763358
Petaurus_australis	2.509471	3.77024778429207	14.2147683549593	1.86328760196422	3.47184068763358
Petaurus_breviceps	2.104828	3.32467344517594	11.053453517058	1.86328760196422	3.47184068763358
Petaurus_norfolcensis	2.19173	3.45766979672993	11.9554804232184	1.86328760196422	3.47184068763358
Petrogale_inornata	2.817036	4.23497248958282	17.9349919875233	1.86328760196422	3.47184068763358
Petrogale_lateralis	2.71592	4.16786355239828	17.3710865914101	1.86328760196422	3.47184068763358
Petrogale_penicillata	2.847388	4.31879823891567	18.6520182284611	1.86328760196422	3.47184068763358
Petrogale_purpureicollis	2.783832	4.24652097310723	18.0329403750396	1.86328760196422	3.47184068763358
Petropseudes_dahli	2.341632	3.69722055952986	13.6694398658103	1.86328760196422	3.47184068763358
Phascolarctos_cinereus	2.733358	4.22355030391757	17.8383771697222	1.86328760196422	3.47184068763358
Planigale_ingrami	0.877371	1.97840863192174	3.91410071486245	1.86328760196422	3.47184068763358
Planigale_maculata	1.287802	2.30272041723985	5.30252131997327	1.86328760196422	3.47184068763358
Potorous_tridactylus_tridactylus	2.860038	3.99808497676137	15.984683481405	1.86328760196422	3.47184068763358
Pseudochirulus_canescens	2.061829	3.33597913853393	11.1287568127336	1.86328760196422	3.47184068763358
Pseudochirulus_forbesi	2.177825	3.47922966682932	12.1050390745452	1.86328760196422	3.47184068763358
Sarcophilus_harrisii	3.134177	4.14834965764349	17.2088048820708	1.86328760196422	3.47184068763358
Sminthopsis_crassicaudata	1.535294	2.53750425778387	6.43892785827126	1.86328760196422	3.47184068763358
Sminthopsis_leucopus	1.658965	2.66164229549523	7.08433970916911	1.86328760196422	3.47184068763358
Phalanger_gymnotis	2.844912	4.06032757480693	16.4862600147375	1.86328760196422	3.47184068763358
Thylacinus_cynocephalus	3.328176	4.70915133299125	22.1761062770133	1.86328760196422	3.47184068763358
Thylogale_billardierii	2.904986	4.34805949126278	18.9056213395604	1.86328760196422	3.47184068763358
Thylogale_stigmatica	2.889358	4.25065668458073	18.0680822501708	1.86328760196422	3.47184068763358
Trichosurus_vulpecula	2.674677	4.00237325530746	16.0189916748004	1.86328760196422	3.47184068763358
Vombatus_ursinus	3.248439	4.68410274637518	21.9408185385995	1.86328760196422	3.47184068763358
Wallabia_bicolor	3.08636	4.55349934894676	20.7343563208586	1.86328760196422	3.47184068763358
Balionycteris_maculata	1.465	2.68604357258994	7.21483007385172	1.86328760196422	3.47184068763358
Casinycteris_argynnis	1.639	2.89835140151989	8.40044084669229	1.86328760196422	3.47184068763358
Chironax_melanocephalus	1.553	2.75718362381577	7.60206153543787	1.86328760196422	3.47184068763358
Cynopterus_brachyotis	1.698	2.966833649282	8.80210190251193	1.86328760196422	3.47184068763358
Cynopterus_horsfieldii	1.81	3.11468350641045	9.70125334510528	1.86328760196422	3.47184068763358
Cynopterus_sphinx	1.786	3.05354966776212	9.32416557349017	1.86328760196422	3.47184068763358
Dobsonia_inermis	2.226	3.40766797562694	11.6122010321134	1.86328760196422	3.47184068763358
Dobsonia_moluccensis	2.454	3.63531672034154	13.2155276571947	1.86328760196422	3.47184068763358
Dobsonia_praedatrix	2.279	3.45265177566025	11.9208042839698	1.86328760196422	3.47184068763358
Eidolon_helvum	2.386	3.60406636908379	12.9892943927608	1.86328760196422	3.47184068763358
Eonycteris_spelaea	1.836	3.09326062869164	9.56826131701383	1.86328760196422	3.47184068763358
Epomophorus_labiatus	1.918	3.17341455082117	10.0705599113635	1.86328760196422	3.47184068763358
Epomops_franqueti	2.061	3.3178958890353	11.0084331304774	1.86328760196422	3.47184068763358
Hypsignathus_monstrosus	2.208	3.51177917774895	12.3325929932711	1.86328760196422	3.47184068763358
Macroglossus_minimus	1.455	2.72492739657078	7.42522931658202	1.86328760196422	3.47184068763358
Megaerops_ecaudatus	1.593	2.87855040696948	8.28605244546414	1.86328760196422	3.47184068763358
Megaloglossus_woermanni	1.489	2.80962194180342	7.89397545586321	1.86328760196422	3.47184068763358
Melonycteris_melanops	1.882	3.08827988670424	9.53747265862198	1.86328760196422	3.47184068763358
Melonycteris_woodfordi	1.736	2.98478330621441	8.90893138505621	1.86328760196422	3.47184068763358
Epomophorus_pusillus	1.68	2.8916991691473	8.36192408484716	1.86328760196422	3.47184068763358
Myonycteris_torquata	1.827	3.04038415947288	9.24393583717363	1.86328760196422	3.47184068763358
Notopteris_macdonaldi	1.973	3.14143861060649	9.86863654420925	1.86328760196422	3.47184068763358
Nyctimene_albiventer	1.723	2.89166094946112	8.36170304663836	1.86328760196422	3.47184068763358
Nyctimene_robinsoni	1.888	3.06521908417013	9.39556803396076	1.86328760196422	3.47184068763358
Nyctimene_vizcaccia	1.851	2.97019608506253	8.82206478372075	1.86328760196422	3.47184068763358
Paranyctimene_raptor	1.661	2.83904237199348	8.06016158997434	1.86328760196422	3.47184068763358
Pteropus_alecto	2.495	3.82069860124938	14.597737801589	1.86328760196422	3.47184068763358
Pteropus_conspicillatus	2.576	3.89493121910952	15.170489201594	1.86328760196422	3.47184068763358
Pteropus_hypomelanus	2.444	3.69716131393364	13.6690017812475	1.86328760196422	3.47184068763358
Pteropus_lylei	2.439	3.75598421253182	14.1074174047883	1.86328760196422	3.47184068763358
Pteropus_neohibernicus	2.598	3.92848620624869	15.4330038726862	1.86328760196422	3.47184068763358
Pteropus_poliocephalus	2.491	3.83016987335255	14.6702012587375	1.86328760196422	3.47184068763358
Pteropus_samoensis	2.441	3.73626675041077	13.959689230225	1.86328760196422	3.47184068763358
Pteropus_scapulatus	2.362	3.70549571470575	13.7306984917027	1.86328760196422	3.47184068763358
Pteropus_temminckii	2.371	3.66354900940771	13.4215913443322	1.86328760196422	3.47184068763358
Pteropus_tonganus	2.483	3.75825829746648	14.1245054304756	1.86328760196422	3.47184068763358
Pteropus_vampyrus	2.617	3.92972371176801	15.4427284508318	1.86328760196422	3.47184068763358
Rousettus_aegyptiacus	2.106	3.32486399626551	11.0547205936626	1.86328760196422	3.47184068763358
Rousettus_amplexicaudatus	2.02	3.1617898919156	9.99691532061967	1.86328760196422	3.47184068763358
Scotonycteris_zenkeri	1.601	2.8251361190744	7.98139409129878	1.86328760196422	3.47184068763358
Sphaerias_blanfordi	1.63	2.89058047078486	8.35545545808283	1.86328760196422	3.47184068763358
Syconycteris_australis	1.551	2.75449107699007	7.5872210932179	1.86328760196422	3.47184068763358
Anoura_caudifer	1.199	2.5806238378183	6.65961939231605	1.86328760196422	3.47184068763358
Anoura_geoffroyi	1.407	2.74657171798292	7.54365620202365	1.86328760196422	3.47184068763358
Ardops_nichollsi	1.483	2.72119019257957	7.40487606419122	1.86328760196422	3.47184068763358
Artibeus_cinereus	1.403	2.64696591916355	7.00642857721331	1.86328760196422	3.47184068763358
Artibeus_concolor	1.531	2.77277474031503	7.68827976052911	1.86328760196422	3.47184068763358
Artibeus_jamaicensis	1.736	2.98333261088124	8.9002734671475	1.86328760196422	3.47184068763358
Artibeus_lituratus	1.851	3.06496819373968	9.39403002863586	1.86328760196422	3.47184068763358
Aselliscus_stoliczkanus	0.642	2.14627742243429	4.60650677405116	1.86328760196422	3.47184068763358
Aselliscus_tricuspidatus	0.681	2.0993562087761	4.40729649132678	1.86328760196422	3.47184068763358
Brachyphylla_cavernarum	1.833	3.05292228999784	9.32033450876568	1.86328760196422	3.47184068763358
Cardioderma_cor	1.215	2.79992584642206	7.83958474546228	1.86328760196422	3.47184068763358
Carollia_perspicillata	1.515	2.71324648190518	7.36170647157086	1.86328760196422	3.47184068763358
Chalinolobus_gouldii	0.917	2.35195774032069	5.53170521225439	1.86328760196422	3.47184068763358
Chalinolobus_morio	0.752	2.24071974568802	5.02082497871619	1.86328760196422	3.47184068763358
Chiroderma_salvini	1.577	2.88624082329356	8.33038609004629	1.86328760196422	3.47184068763358
Chiroderma_trinitatum	1.393	2.70539048497075	7.31913767617029	1.86328760196422	3.47184068763358
Chiroderma_villosum	1.508	2.82351695180044	7.97224797710447	1.86328760196422	3.47184068763358
Choeroniscus_minor	1.117	2.5659450134905	6.58407381225677	1.86328760196422	3.47184068763358
Coleura_afra	0.949	2.38684133903795	5.69701157774045	1.86328760196422	3.47184068763358
Cormura_brevirostris	0.867	2.31547900333038	5.36144301486384	1.86328760196422	3.47184068763358
Craseonycteris_thonglongyai	0.356	1.91186407137902	3.65522422742997	1.86328760196422	3.47184068763358
Desmodus_rotundus	1.631	2.97496949473285	8.85044349459105	1.86328760196422	3.47184068763358
Diphylla_ecaudata	1.59	2.87975236516861	8.29297368469423	1.86328760196422	3.47184068763358
Emballonura_monticola	0.651	2.19689550326823	4.82634985228017	1.86328760196422	3.47184068763358
Emballonura_raffrayana	0.781	2.21750313113026	4.91732013657249	1.86328760196422	3.47184068763358
Eptesicus_brasiliensis	0.988	2.27704088235613	5.18491517992119	1.86328760196422	3.47184068763358
Eptesicus_fuscus_bahamensis	1.029	2.3513653086034	5.52891881450355	1.86328760196422	3.47184068763358
Eumops_auripendulus	1.352	2.75999624802448	7.6175792891092	1.86328760196422	3.47184068763358
Eumops_glaucinus	1.34	2.79101278730558	7.78975237890325	1.86328760196422	3.47184068763358
Furipterus_horrens	0.572	2.07959239815975	4.32470454248383	1.86328760196422	3.47184068763358
Glischropus_tylopus	0.612	1.97312302120491	3.89321445680878	1.86328760196422	3.47184068763358
Glossophaga_longirostris	1.292	2.6169266719764	6.84830520650148	1.86328760196422	3.47184068763358
Glossophaga_soricina	1.267	2.57354501835856	6.62313396151816	1.86328760196422	3.47184068763358
Harpiocephalus_harpia	1.553	2.62086344715862	6.86892520865216	1.86328760196422	3.47184068763358
Hesperoptenus_blanfordi	0.794	2.16984821507198	4.70824127645104	1.86328760196422	3.47184068763358
Hipposideros_armiger	1.394	2.87560056473481	8.26907860790317	1.86328760196422	3.47184068763358
Hipposideros_ater	0.865	2.30545128539469	5.31510562932804	1.86328760196422	3.47184068763358
Hipposideros_caffer	0.98	2.4627759440208	6.06526535044753	1.86328760196422	3.47184068763358
Macronycteris_commersoni	1.487	2.84697711567035	8.10527869715067	1.86328760196422	3.47184068763358
Hipposideros_diadema	1.365	2.82568898250015	7.98451822582275	1.86328760196422	3.47184068763358
Hipposideros_fulvus	0.914	2.34735841257385	5.51009151708124	1.86328760196422	3.47184068763358
Hipposideros_lankadiva	1.45	2.83381440820857	8.0305041001705	1.86328760196422	3.47184068763358
Hipposideros_larvatus	1.173	2.59070379701993	6.7117461638935	1.86328760196422	3.47184068763358
Hipposideros_ridleyi	0.979	2.40319100137588	5.775326989094	1.86328760196422	3.47184068763358
Hipposideros_speoris	0.97	2.42782469906196	5.89433276937531	1.86328760196422	3.47184068763358
Hipposideros_turpis	1.32	2.74970813235674	7.5608948131488	1.86328760196422	3.47184068763358
Ia_io	1.5	2.85693377655639	8.16207060362878	1.86328760196422	3.47184068763358
Kerivoula_papillosa	0.898	2.47004291344843	6.10111199427681	1.86328760196422	3.47184068763358
Lasiurus_borealis	0.757	2.20786055220101	4.87464821796536	1.86328760196422	3.47184068763358
Leptonycteris_curasoae	1.468	2.76007259430502	7.61800072583367	1.86328760196422	3.47184068763358
Leptonycteris_nivalis	1.43	2.74009904764629	7.50814279091213	1.86328760196422	3.47184068763358
Lonchophylla_mordax	1.255	2.61273847911539	6.82640236025021	1.86328760196422	3.47184068763358
Hsunycteris_thomasi	1.179	2.50023862095974	6.25119316173868	1.86328760196422	3.47184068763358
Lophostoma_silvicolum	1.328	2.85331808051172	8.14142406857511	1.86328760196422	3.47184068763358
Macroderma_gigas	1.605	3.20498065502424	10.2719009990796	1.86328760196422	3.47184068763358
Macrophyllum_macrophyllum	0.987	2.4790378028068	6.14562842774516	1.86328760196422	3.47184068763358
Megaderma_lyra	1.41	2.93241161841455	8.59903789981263	1.86328760196422	3.47184068763358
Megaderma_spasma	1.265	2.78365497627165	7.74873502692193	1.86328760196422	3.47184068763358
Mesophylla_macconnelli	1.176	2.5144416036305	6.32241657806794	1.86328760196422	3.47184068763358
Micronycteris_brachyotis	1.407	2.58328686142129	6.67337100839185	1.86328760196422	3.47184068763358
Micronycteris_megalotis	1.188	2.41295245824855	5.8223395657677	1.86328760196422	3.47184068763358
Micronycteris_minuta	1.201	2.43110917339505	5.91029181296557	1.86328760196422	3.47184068763358
Micronycteris_schmidtorum	1.225	2.46261324325241	6.06446398584217	1.86328760196422	3.47184068763358
Gardnerycteris_crenulatum	1.013	2.48743694137244	6.18734253730427	1.86328760196422	3.47184068763358
Miniopterus_australis	0.865	2.28796870242141	5.2348007832599	1.86328760196422	3.47184068763358
Miniopterus_inflatus	1.061	2.48807198431177	6.19050219911712	1.86328760196422	3.47184068763358
Miniopterus_magnater	1.053	2.4849865990346	6.17515839738155	1.86328760196422	3.47184068763358
Miniopterus_pusillus	0.915	2.31097785415854	5.34061864241123	1.86328760196422	3.47184068763358
Miniopterus_tristis	1.097	2.49587912679333	6.22941261556266	1.86328760196422	3.47184068763358
Molossus_molossus	1.111	2.47483774200244	6.12482184923971	1.86328760196422	3.47184068763358
Molossus_rufus	1.324	2.69716719929339	7.27471090094414	1.86328760196422	3.47184068763358
Monophyllus_plethodon	1.32	2.62023584937206	6.86563590633451	1.86328760196422	3.47184068763358
Mormoops_megalophylla	1.072	2.56247160047249	6.56626070322802	1.86328760196422	3.47184068763358
Murina_cyclotis	1.303	2.37139315447136	5.62350549307361	1.86328760196422	3.47184068763358
Murina_huttoni	1.318	2.38592275334146	5.69262738491251	1.86328760196422	3.47184068763358
Myotis_adversus	1.033	2.3772871201093	5.65149405143757	1.86328760196422	3.47184068763358
Myotis_albescens	0.711	2.07780309246655	4.31726569106356	1.86328760196422	3.47184068763358
Myotis_annectans	0.966	2.31710569964846	5.3689788233434	1.86328760196422	3.47184068763358
Myotis_bechsteinii	1.149	2.39586985328546	5.74019235388207	1.86328760196422	3.47184068763358
Myotis_bocagii	0.868	2.25339686523018	5.07779743222921	1.86328760196422	3.47184068763358
Myotis_dasycneme	1.072	2.46431986810657	6.07287241234477	1.86328760196422	3.47184068763358
Myotis_myotis	1.262	2.65907694339085	7.07069019087282	1.86328760196422	3.47184068763358
Myotis_nigricans	0.847	2.11100026230064	4.45632210743337	1.86328760196422	3.47184068763358
Myotis_siligorensis	0.573	1.98557890358024	3.9425235823429	1.86328760196422	3.47184068763358
Natalus_tumidirostris	0.909	2.36796538095518	5.60726004540222	1.86328760196422	3.47184068763358
Noctilio_albiventris	1.217	2.74963685311494	7.56050282400782	1.86328760196422	3.47184068763358
Noctilio_leporinus	1.497	3.04342425236468	9.26243117988151	1.86328760196422	3.47184068763358
Nyctalus_noctula	1.086	2.52928534798622	6.39728437153778	1.86328760196422	3.47184068763358
Nycteris_arge	1.004	2.51972165509131	6.34899721913611	1.86328760196422	3.47184068763358
Nycteris_grandis	1.204	2.82882341601125	8.00224191897357	1.86328760196422	3.47184068763358
Nycteris_hispida	0.88	2.43216548536531	5.91542894820225	1.86328760196422	3.47184068763358
Nycteris_javanica	0.945	2.65047090615567	7.02499602437764	1.86328760196422	3.47184068763358
Nycteris_macrotis	0.974	2.56570573628551	6.5828459252084	1.86328760196422	3.47184068763358
Nycteris_thebaica	0.925	2.4880134922472	6.19021113760409	1.86328760196422	3.47184068763358
Nyctophilus_geoffroyi	0.817	2.1954325071819	4.819923893591	1.86328760196422	3.47184068763358
Otomops_martiensseni	1.418	2.85387267955123	8.1445892710889	1.86328760196422	3.47184068763358
Peropteryx_macrotis	0.667	2.18774408447669	4.78622417916275	1.86328760196422	3.47184068763358
Phylloderma_stenops	2.019	3.10305487853701	9.62894957921231	1.86328760196422	3.47184068763358
Phyllostomus_discolor	1.727	3.01289560068157	9.07753990060635	1.86328760196422	3.47184068763358
Phyllostomus_elongatus	1.53	2.91962973558399	8.52423779290623	1.86328760196422	3.47184068763358
Phyllostomus_hastatus	1.814	3.15775224544109	9.97139924358827	1.86328760196422	3.47184068763358
Pipistrellus_javanicus	0.685	2.04743835568333	4.19200382032326	1.86328760196422	3.47184068763358
Pipistrellus_tenuis	0.585	1.94445839594312	3.78091845355368	1.86328760196422	3.47184068763358
Afronycteris_nana	0.64	1.97624949883145	3.90556208163155	1.86328760196422	3.47184068763358
Hypsugo_pulveratus	0.768	2.12583275320563	4.51916489460183	1.86328760196422	3.47184068763358
Perimyotis_subflavus	0.757	2.0689992385851	4.28075784926571	1.86328760196422	3.47184068763358
Pteronotus_gymnonotus	1.049	2.50919392843789	6.29605417050955	1.86328760196422	3.47184068763358
Pteronotus_parnellii_mesoamericanus	1.348	2.71076396835588	7.34824129213654	1.86328760196422	3.47184068763358
Pteronotus_personatus	0.94	2.33437416842607	5.44930275821491	1.86328760196422	3.47184068763358
Rhinolophus_cornutus	0.768	2.26307067478927	5.12148887909114	1.86328760196422	3.47184068763358
Rhinolophus_eloquens	1.199	2.58228368121921	6.66818901029102	1.86328760196422	3.47184068763358
Rhinolophus_hipposideros	0.737	2.14741999328989	4.61141262758114	1.86328760196422	3.47184068763358
Rhinolophus_landeri	1	2.41927248180996	5.85287934124292	1.86328760196422	3.47184068763358
Rhinolophus_lepidus	0.895	2.24246038366786	5.0286285723198	1.86328760196422	3.47184068763358
Rhinolophus_luctus	1.223	2.76563752486781	7.64875091895694	1.86328760196422	3.47184068763358
Rhinolophus_macrotis	0.862	2.29216841823355	5.2540360575473	1.86328760196422	3.47184068763358
Rhinolophus_malayanus	0.862	2.28065583157794	5.20139102211046	1.86328760196422	3.47184068763358
Rhinolophus_megaphyllus	0.938	2.39284327871508	5.72569895649193	1.86328760196422	3.47184068763358
Rhinolophus_pearsonii	1.004	2.49680535567541	6.23403698412942	1.86328760196422	3.47184068763358
Rhinolophus_pusillus	0.801	2.19036275728536	4.79768900850274	1.86328760196422	3.47184068763358
Rhinolophus_trifoliatus	0.981	2.51948592306197	6.34780931650745	1.86328760196422	3.47184068763358
Rhinolophus_yunnanensis	1.161	2.61598611233896	6.84338333995029	1.86328760196422	3.47184068763358
Rhinonicteris_aurantia	0.886	2.36980993185743	5.61599911313013	1.86328760196422	3.47184068763358
Rhinophylla_pumilio	1.34	2.52389337701925	6.37003777856165	1.86328760196422	3.47184068763358
Rhinopoma_hardwickii	1.033	2.41517493551946	5.83306996916144	1.86328760196422	3.47184068763358
Rhinopoma_microphyllum	1.228	2.56167523073907	6.56217998778205	1.86328760196422	3.47184068763358
Rhogeessa_parvula	0.69	2.02540404611476	4.10226155001805	1.86328760196422	3.47184068763358
Rhynchonycteris_naso	0.559	2.04732050651951	4.19152125641528	1.86328760196422	3.47184068763358
Saccopteryx_bilineata	0.877	2.33483311530367	5.45144567631863	1.86328760196422	3.47184068763358
Saccopteryx_canescens	0.569	2.08934484317686	4.36536187370975	1.86328760196422	3.47184068763358
Saccopteryx_leptura	0.704	2.18322541361085	4.76647320663625	1.86328760196422	3.47184068763358
Scotomanes_ornatus	1.201	2.55494722650546	6.52775533022796	1.86328760196422	3.47184068763358
Scotophilus_dinganii	1.185	2.6152095371468	6.83932092318357	1.86328760196422	3.47184068763358
Scotophilus_kuhlii	1.057	2.50605597481635	6.28031654891271	1.86328760196422	3.47184068763358
Sphaeronycteris_toxophyllum	1.382	2.69540272673135	7.26519585927081	1.86328760196422	3.47184068763358
Sturnira_lilium	1.579	2.7664442150746	7.6532135951197	1.86328760196422	3.47184068763358
Sturnira_ludovici	1.571	2.79971581818209	7.83840866257902	1.86328760196422	3.47184068763358
Sturnira_tildae	1.614	2.82056767486967	7.95560200851967	1.86328760196422	3.47184068763358
Tadarida_aegyptiaca	1.207	2.56759514736225	6.59254484075817	1.86328760196422	3.47184068763358
Taphozous_australis	1.21	2.68911434548403	7.23133596308799	1.86328760196422	3.47184068763358
Taphozous_hildegardeae	1.303	2.71134274302204	7.3513794701383	1.86328760196422	3.47184068763358
Taphozous_mauritianus	1.25	2.71797961523504	7.3874131888332	1.86328760196422	3.47184068763358
Taphozous_melanopogon	1.307	2.70480831622297	7.31598802750896	1.86328760196422	3.47184068763358
Tonatia_bidens	1.623	2.87212442061372	8.24909868748569	1.86328760196422	3.47184068763358
Lophostoma_schulzi	1.155	2.67681030271887	7.1653133967419	1.86328760196422	3.47184068763358
Trachops_cirrhosus	1.556	2.97719852358353	8.86371104882793	1.86328760196422	3.47184068763358
Triaenops_persicus	0.863	2.41026109600416	5.80935855091118	1.86328760196422	3.47184068763358
Tylonycteris_pachypus	0.524	1.87843900376487	3.52853309086516	1.86328760196422	3.47184068763358
Tylonycteris_robustula	0.663	2.03440793493338	4.1388156457199	1.86328760196422	3.47184068763358
Uroderma_bilobatum	1.505	2.76341624316696	7.636469332999	1.86328760196422	3.47184068763358
Vampyressa_pusilla	1.294	2.55572901399533	6.53175079297756	1.86328760196422	3.47184068763358
Vampyrum_spectrum	2.084	3.38883839645361	11.4842256772783	1.86328760196422	3.47184068763358
Alouatta_seniculus	2.605	4.69064476860801	22.0021483452696	1.86328760196422	3.47184068763358
Aotus_trivirgatus	2.301	4.20956514451613	17.7204387059251	1.86328760196422	3.47184068763358
Ateles_geoffroyi	2.879	5.00423671459412	25.0423850956918	1.86328760196422	3.47184068763358
Avahi_laniger	2.222	3.99079117597203	15.9264142102162	1.86328760196422	3.47184068763358
Plecturocebus_moloch	2.301	4.24999973790912	18.0624977722276	1.86328760196422	3.47184068763358
Callimico_goeldii	2.025	4.02141427425862	16.171772765211	1.86328760196422	3.47184068763358
Callithrix_jacchus	1.928	3.86010428447601	14.9004050870301	1.86328760196422	3.47184068763358
Cebuella_pygmaea	1.761	3.63358773263483	13.2029598107543	1.86328760196422	3.47184068763358
Cebus_albifrons	2.675	4.8258408678735	23.2887400820381	1.86328760196422	3.47184068763358
Cercopithecus_ascanius	2.68	4.80297404128273	23.0685596412358	1.86328760196422	3.47184068763358
Cercopithecus_mitis_mitis	2.748	4.84835244065239	23.5065213887799	1.86328760196422	3.47184068763358
Cheirogaleus_major	2.361	3.80396492768725	14.4701491710746	1.86328760196422	3.47184068763358
Cheirogaleus_medius	2.125	3.4708780230274	12.0469942507346	1.86328760196422	3.47184068763358
Daubentonia_madagascariensis	3.024	4.6294722319675	21.4320131465581	1.86328760196422	3.47184068763358
Erythrocebus_patas	2.814	5.01330305301563	25.1332075013758	1.86328760196422	3.47184068763358
Eulemur_fulvus_fulvus	2.58	4.34468914865517	18.876323798442	1.86328760196422	3.47184068763358
Galago_senegalensis	1.953	3.65384583826705	13.3505894098214	1.86328760196422	3.47184068763358
Galagoides_demidoff	2.091	3.50526524207999	12.2868844173341	1.86328760196422	3.47184068763358
Gorilla_gorilla	3.327	5.67214160105073	32.1731903423703	1.86328760196422	3.47184068763358
Homo_sapiens	3.779	6.09769523952942	37.1818872341798	1.86328760196422	3.47184068763358
Hylobates_lar	2.777	4.98887970833346	24.8889207442213	1.86328760196422	3.47184068763358
Indri_indri	2.643	4.55944787748954	20.7885649475439	1.86328760196422	3.47184068763358
Lagothrix_lagotricha	2.808	4.980177796679	24.8021708865345	1.86328760196422	3.47184068763358
Lepilemur_mustelinus	2.225	3.85550540645094	14.8649219391724	1.86328760196422	3.47184068763358
Lophocebus_albigena	2.934	4.9893093148895	24.8932074396431	1.86328760196422	3.47184068763358
Loris_tardigradus_tardigradus	2.181	3.79701647977618	14.4173341476919	1.86328760196422	3.47184068763358
Macaca_mulatta	2.733	4.94427327976376	24.4458382649859	1.86328760196422	3.47184068763358
Microcebus_murinus	1.823	3.22499777943092	10.4006106773343	1.86328760196422	3.47184068763358
Miopithecus_talapoin	2.467	4.57720824492106	20.9508353173733	1.86328760196422	3.47184068763358
Nasalis_larvatus	2.739	4.97211427746941	24.7219203882152	1.86328760196422	3.47184068763358
Nycticebus_coucang	2.507	4.07016900764897	16.5662757508262	1.86328760196422	3.47184068763358
Otolemur_crassicaudatus	2.376	3.98509131950917	15.8809528248273	1.86328760196422	3.47184068763358
Pan_troglodytes	3.122	5.58232825551133	31.1623887522802	1.86328760196422	3.47184068763358
Papio_cynocephalus	3.063	5.28121407692444	27.8912221263048	1.86328760196422	3.47184068763358
Perodicticus_potto	2.661	4.12079897970986	16.9809842311778	1.86328760196422	3.47184068763358
Pithecia_monachus	2.49	4.51688705271499	20.4022686469843	1.86328760196422	3.47184068763358
Piliocolobus_badius	2.64	4.86832778778568	23.7006154493262	1.86328760196422	3.47184068763358
Propithecus_verreauxi	2.558	4.40135338583513	19.3719116270023	1.86328760196422	3.47184068763358
Pygathrix_nemaeus	2.656	4.86047259819674	23.6241938778213	1.86328760196422	3.47184068763358
Saguinus_midas	1.993	3.98108200720884	15.8490139481219	1.86328760196422	3.47184068763358
Saguinus_oedipus	2.057	3.97903342592802	15.8327070046525	1.86328760196422	3.47184068763358
Saimiri_sciureus_sciureus	2.231	4.35321967494396	18.9505215383192	1.86328760196422	3.47184068763358
Tarsius_tarsier	1.594	3.53020840861181	12.4623714082335	1.86328760196422	3.47184068763358
Varecia_variegata	2.789	4.47260429620756	20.0041891904543	1.86328760196422	3.47184068763358
