Species_TTOL	SCH	rest_of_brain	BOD
Anourosorex_squamipes	1.156	3.0789623596587	1.307
Atelerix_algirus	2.047	3.0789623596587	2.867
Blarina_brevicauda	1.173	3.0789623596587	1.267
Chrysochloris_asiatica	1.321	3.0789623596587	1.69
Chrysochloris_stuhlmanni	1.329	3.0789623596587	1.626
Crocidura_attenuata	0.819	3.0789623596587	0.968
Crocidura_flavescens	1.122	3.0789623596587	1.467
Crocidura_hildegardeae	0.752	3.0789623596587	0.996
Crocidura_denti	0.852	3.0789623596587	1.079
Crocidura_russula	0.767	3.0789623596587	1.049
Crocidura_suaveolens	0.795	3.0789623596587	1.013
Cryptotis_parvus	0.984	3.0789623596587	0.991226075692495
Desmana_moschata	2.213	3.0789623596587	2.646
Echinops_telfairi	1.12	3.0789623596587	1.942
Echinosorex_gymnura	2.298	3.0789623596587	2.921
Erinaceus_europaeus	2.13	3.0789623596587	2.929
Euroscaptor_micrura	1.461	3.0789623596587	1.617
Galemys_pyrenaicus	1.651	3.0789623596587	1.778
Geogale_aurita	0.305	3.0789623596587	1
Hemicentetes_semispinosus	1.464	3.0789623596587	2.062
Hemiechinus_auritus	1.832	3.0789623596587	2.371
Hylomys_suillus	1.712	3.0789623596587	1.756
Limnogale_mergulus	1.561	3.0789623596587	1.964
Microgale_dobsoni	1.211	3.0789623596587	1.504
Microgale_talazaci	1.354	3.0789623596587	1.683
Micropotamogale_lamottei	1.517	3.0789623596587	1.808
Micropotamogale_ruwenzorii	1.571	3.0789623596587	1.986
Myosorex_sclateri	0.918	3.0789623596587	1.23
Neomys_anomalus	1.079	3.0789623596587	1.037
Neomys_fodiens	1.039	3.0789623596587	1.182
Oryzorictes_hova	1.371	3.0789623596587	1.645
Parascalops_breweri	1.529	3.0789623596587	1.731
Potamogale_velox	2.092	3.0789623596587	2.791
Ruwenzorisorex_suncoides	1.115	3.0789623596587	1.262
Scalopus_aquaticus	1.829	3.0789623596587	2.061
Scutisorex_somereni	1.283	3.0789623596587	1.792
Setifer_setosus	1.681	3.0789623596587	2.373
Solenodon_paradoxus	2.199	3.0789623596587	2.826
Sorex_alpinus	0.988	3.0789623596587	1.033
Sorex_araneus	0.861	3.0789623596587	0.987
Sorex_cinereus	0.736	3.0789623596587	0.633
Sorex_fumeus	1	3.0789623596587	0.924
Sorex_hoyi	0.575	3.0789623596587	0.42
Sorex_minutus	0.627	3.0789623596587	0.633
Suncus_etruscus	0.276	3.0789623596587	0.762
Suncus_murinus	1.106	3.0789623596587	1.529
Sylvisorex_granti	0.636	3.0789623596587	0.591
Suncus_megalura	0.589	3.0789623596587	0.74
Talpa_europaea	1.599	3.0789623596587	1.908
Tenrec_ecaudatus	1.887	3.0789623596587	2.935
Aepyprymnus_rufescens	2.585461	3.0789623596587	3.392697
Antechinus_flavipes	1.298853	3.0789623596587	1.568202
Antechinus_minimus	1.348305	3.0789623596587	1.724276
Bettongia_gaimardi	2.556303	3.0789623596587	3.176091
Bettongia_penicillata	2.439806	3.0789623596587	3.079181
Burramys_parvus	1.39794	3.0789623596587	1.770852
Cercartetus_nanus	1.281033	3.0789623596587	1.278754
Dactylopsila_trivirgata	2.213518	3.0789623596587	2.643453
Dasycercus_cristicauda	1.64836	3.0789623596587	2
Dasyuroides_byrnei	1.653213	3.0789623596587	2.146128
Dasyurus_geoffroii	2.150449	3.0789623596587	2.69897
Dasyurus_hallucatus	1.847573	3.0789623596587	3.021189
Dendrolagus_lumholtzi	2.684486	3.0789623596587	3.78533
Distoechurus_pennatus	1.498311	3.0789623596587	1.633468
Dorcopsis	2.689486	3.0789623596587	3.462398
Echymipera_kalubu	2.047664	3.0789623596587	2.819544
Gymnobelideus_leadbeateri	1.850033	3.0789623596587	2.041393
Hypsiprymnodon_moschatus	2.249443	3.0789623596587	2.748188
Isoodon_macrourus	2.067443	3.0789623596587	3.033424
Isoodon_obesulus_obesulus	2.134814	3.0789623596587	3.004321
Osphranter_antilopinus	3.078457	3.0789623596587	4.537819
Macropus_giganteus	3.175802	3.0789623596587	4.563481
Notamacropus_irma	2.81278	3.0789623596587	3.819544
Notamacropus_parma	2.620032	3.0789623596587	3.536558
Notamacropus_parryi	2.923658	3.0789623596587	4.170262
Osphranter_robustus	3.016616	3.0789623596587	4.409933
Osphranter_rufus	3.020775	3.0789623596587	4.494155
Thylamys_pallidior	1.385606	3.0789623596587	1.477121
Marmosops_impavidus	1.650308	3.0789623596587	1.845098
Monodelphis_brevicaudata	1.49276	3.0789623596587	1.924279
Notoryctes_typhlops	1.523746	3.0789623596587	1.531479
Petauroides_volans	2.036629	3.0789623596587	3.09691
Petaurus_australis	2.198382	3.0789623596587	2.748188
Petaurus_breviceps	1.783904	3.0789623596587	2.113943
Petaurus_norfolcensis	1.835056	3.0789623596587	2.374748
Petrogale_inornata	2.640978	3.0789623596587	3.628389
Petrogale_lateralis	2.65215	3.0789623596587	3.556303
Petrogale_penicillata	2.730702	3.0789623596587	3.690196
Petrogale_purpureicollis	2.702086	3.0789623596587	3.740363
Petropseudes_dahli	2.12483	3.0789623596587	3.127105
Phascolarctos_cinereus	2.616581	3.0789623596587	3.968483
Planigale_ingrami	0.437751	3.0789623596587	0.826075
Planigale_maculata	0.773786	3.0789623596587	1.041393
Potorous_tridactylus_tridactylus	2.443732	3.0789623596587	3.089905
Pseudochirulus_canescens	1.795185	3.0789623596587	2.447158
Pseudochirulus_forbesi	2.0086	3.0789623596587	2.70757
Sarcophilus_harrisii	2.650599	3.0789623596587	3.732394
Sminthopsis_crassicaudata	1.037426	3.0789623596587	1.146128
Sminthopsis_leucopus	1.089905	3.0789623596587	1.361728
Phalanger_gymnotis	2.443576	3.0789623596587	3.451786
Thylacinus_cynocephalus	2.876507	3.0789623596587	4.342423
Thylogale_billardierii	2.784118	3.0789623596587	3.845098
Thylogale_stigmatica	2.681874	3.0789623596587	3.653213
Trichosurus_vulpecula	2.524915	3.0789623596587	3.30103
Vombatus_ursinus	3.128302	3.0789623596587	4.357935
Wallabia_bicolor	2.943049	3.0789623596587	4.198657
Balionycteris_maculata	1.373	3.0789623596587	1.158
Casinycteris_argynnis	1.539	3.0789623596587	1.428
Chironax_melanocephalus	1.423	3.0789623596587	1.248
Cynopterus_brachyotis	1.585	3.0789623596587	1.53
Cynopterus_horsfieldii	1.754	3.0789623596587	1.773
Cynopterus_sphinx	1.646	3.0789623596587	1.713
Dobsonia_inermis	1.977	3.0789623596587	2.173
Dobsonia_moluccensis	2.146	3.0789623596587	2.543
Dobsonia_praedatrix	1.969	3.0789623596587	2.25
Eidolon_helvum	2.181	3.0789623596587	2.418
Eonycteris_spelaea	1.744	3.0789623596587	1.769
Epomophorus_labiatus	1.733	3.0789623596587	1.806
Epomops_franqueti	1.915	3.0789623596587	2.072
Hypsignathus_monstrosus	2.057	3.0789623596587	2.491
Macroglossus_minimus	1.358	3.0789623596587	1.164
Megaerops_ecaudatus	1.562	3.0789623596587	1.38
Megaloglossus_woermanni	1.5	3.0789623596587	1.253
Melonycteris_melanops	1.709	3.0789623596587	1.675
Melonycteris_woodfordi	1.622	3.0789623596587	1.549
Epomophorus_pusillus	1.471	3.0789623596587	1.4
Myonycteris_torquata	1.673	3.0789623596587	1.561
Notopteris_macdonaldi	1.718	3.0789623596587	1.841
Nyctimene_albiventer	1.474	3.0789623596587	1.473
Nyctimene_robinsoni	1.641	3.0789623596587	1.673
Nyctimene_vizcaccia	1.501	3.0789623596587	1.549
Paranyctimene_raptor	1.431	3.0789623596587	1.417
Pteropus_alecto	2.344	3.0789623596587	2.775
Pteropus_conspicillatus	2.416	3.0789623596587	2.875
Pteropus_hypomelanus	2.294	3.0789623596587	2.591
Pteropus_lylei	2.27	3.0789623596587	2.497
Pteropus_neohibernicus	2.452	3.0789623596587	2.924
Pteropus_poliocephalus	2.354	3.0789623596587	2.842
Pteropus_samoensis	2.335	3.0789623596587	2.491
Pteropus_scapulatus	2.31	3.0789623596587	2.574
Pteropus_temminckii	2.219	3.0789623596587	2.398
Pteropus_tonganus	2.303	3.0789623596587	2.652
Pteropus_vampyrus	2.47	3.0789623596587	3.027
Rousettus_aegyptiacus	1.919	3.0789623596587	2.111
Rousettus_amplexicaudatus	1.679	3.0789623596587	1.856
Scotonycteris_zenkeri	1.5	3.0789623596587	1.328
Sphaerias_blanfordi	1.526	3.0789623596587	1.47
Syconycteris_australis	1.386	3.0789623596587	1.207
Anoura_caudifer	1.196	3.0789623596587	1.025
Anoura_geoffroyi	1.382	3.0789623596587	1.204
Ardops_nichollsi	1.297	3.0789623596587	1.352
Artibeus_cinereus	1.301	3.0789623596587	1.1
Artibeus_concolor	1.403	3.0789623596587	1.288
Artibeus_jamaicensis	1.644	3.0789623596587	1.613
Artibeus_lituratus	1.695	3.0789623596587	1.748
Aselliscus_stoliczkanus	0.626	3.0789623596587	0.69
Aselliscus_tricuspidatus	0.644	3.0789623596587	0.643
Brachyphylla_cavernarum	1.566	3.0789623596587	1.648
Cardioderma_cor	1.356	3.0789623596587	1.415
Carollia_perspicillata	1.301	3.0789623596587	1.25
Chalinolobus_gouldii	0.854	3.0789623596587	1.068
Chalinolobus_morio	0.797	3.0789623596587	0.919
Chiroderma_salvini	1.441	3.0789623596587	1.417
Chiroderma_trinitatum	1.236	3.0789623596587	1.137
Chiroderma_villosum	1.358	3.0789623596587	1.394
Choeroniscus_minor	1.217	3.0789623596587	0.982
Coleura_afra	0.89	3.0789623596587	1.061
Cormura_brevirostris	0.791	3.0789623596587	0.914
Craseonycteris_thonglongyai	0.38	3.0789623596587	0.408
Desmodus_rotundus	1.501	3.0789623596587	1.56
Diphylla_ecaudata	1.365	3.0789623596587	1.49
Emballonura_monticola	0.643	3.0789623596587	0.724
Emballonura_raffrayana	0.719	3.0789623596587	0.771
Eptesicus_brasiliensis	0.794	3.0789623596587	0.964
Eptesicus_fuscus_bahamensis	0.992	3.0789623596587	1.134
Eumops_auripendulus	1.258	3.0789623596587	1.529
Eumops_glaucinus	1.365	3.0789623596587	1.562
Furipterus_horrens	0.575	3.0789623596587	0.535
Glischropus_tylopus	0.394	3.0789623596587	0.69
Glossophaga_longirostris	1.23	3.0789623596587	1.053
Glossophaga_soricina	1.173	3.0789623596587	0.996
Harpiocephalus_harpia	1.236	3.0789623596587	1.13
Hesperoptenus_blanfordi	0.613	3.0789623596587	0.863
Hipposideros_armiger	1.4	3.0789623596587	1.748
Hipposideros_ater	0.802	3.0789623596587	0.839
Hipposideros_caffer	0.955	3.0789623596587	1.041
Macronycteris_commersoni	1.427	3.0789623596587	1.997
Hipposideros_diadema	1.342	3.0789623596587	1.622
Hipposideros_fulvus	0.791	3.0789623596587	0.845
Hipposideros_lankadiva	1.38	3.0789623596587	1.686
Hipposideros_larvatus	1.057	3.0789623596587	1.312
Hipposideros_ridleyi	0.906	3.0789623596587	0.982
Hipposideros_speoris	0.86	3.0789623596587	1.061
Hipposideros_turpis	1.248	3.0789623596587	1.542
Ia_io	1.425	3.0789623596587	1.727
Kerivoula_papillosa	0.919	3.0789623596587	1.004
Lasiurus_borealis	0.663	3.0789623596587	0.892
Leptonycteris_curasoae	1.364	3.0789623596587	1.389
Leptonycteris_nivalis	1.35	3.0789623596587	1.358
Lonchophylla_mordax	1.193	3.0789623596587	1.029
Hsunycteris_thomasi	1.13	3.0789623596587	0.839
Lophostoma_silvicolum	1.262	3.0789623596587	1.509
Macroderma_gigas	1.687	3.0789623596587	2.078
Macrophyllum_macrophyllum	0.965	3.0789623596587	0.934
Megaderma_lyra	1.415	3.0789623596587	1.587
Megaderma_spasma	1.336	3.0789623596587	1.354
Mesophylla_macconnelli	1.13	3.0789623596587	0.875
Micronycteris_brachyotis	1.049	3.0789623596587	1.167
Micronycteris_megalotis	0.88	3.0789623596587	0.813
Micronycteris_minuta	0.955	3.0789623596587	0.839
Micronycteris_schmidtorum	0.957	3.0789623596587	0.892
Gardnerycteris_crenulatum	0.952	3.0789623596587	1.072
Miniopterus_australis	0.781	3.0789623596587	0.851
Miniopterus_inflatus	0.971	3.0789623596587	1.173
Miniopterus_magnater	0.903	3.0789623596587	1.176
Miniopterus_pusillus	0.798	3.0789623596587	0.934
Miniopterus_tristis	0.847	3.0789623596587	1.193
Molossus_molossus	0.938	3.0789623596587	1.137
Molossus_rufus	1.164	3.0789623596587	1.526
Monophyllus_plethodon	1.185	3.0789623596587	1.176
Mormoops_megalophylla	1.025	3.0789623596587	1.196
Murina_cyclotis	0.898	3.0789623596587	0.851
Murina_huttoni	0.874	3.0789623596587	0.944
Myotis_adversus	0.865	3.0789623596587	1.049
Myotis_albescens	0.574	3.0789623596587	0.602
Myotis_annectans	0.926	3.0789623596587	0.991
Myotis_bechsteinii	0.963	3.0789623596587	0.978
Myotis_bocagii	0.754	3.0789623596587	0.845
Myotis_dasycneme	1.049	3.0789623596587	1.176
Myotis_myotis	1.236	3.0789623596587	1.408
Myotis_nigricans	0.611	3.0789623596587	0.663
Myotis_siligorensis	0.486	3.0789623596587	0.539
Natalus_tumidirostris	0.934	3.0789623596587	0.839
Noctilio_albiventris	1.114	3.0789623596587	1.515
Noctilio_leporinus	1.444	3.0789623596587	1.763
Nyctalus_noctula	1.021	3.0789623596587	1.431
Nycteris_arge	0.942	3.0789623596587	1.025
Nycteris_grandis	1.236	3.0789623596587	1.474
Nycteris_hispida	0.906	3.0789623596587	0.892
Nycteris_javanica	1.013	3.0789623596587	1.265
Nycteris_macrotis	1.017	3.0789623596587	1.161
Nycteris_thebaica	0.925	3.0789623596587	0.949
Nyctophilus_geoffroyi	0.754	3.0789623596587	0.857
Otomops_martiensseni	1.316	3.0789623596587	1.618
Peropteryx_macrotis	0.789	3.0789623596587	0.748
Phylloderma_stenops	1.708	3.0789623596587	1.664
Phyllostomus_discolor	1.593	3.0789623596587	1.563
Phyllostomus_elongatus	1.401	3.0789623596587	1.652
Phyllostomus_hastatus	1.685	3.0789623596587	1.963
Pipistrellus_javanicus	0.56	3.0789623596587	0.653
Pipistrellus_tenuis	0.476	3.0789623596587	0.591
Afronycteris_nana	0.462	3.0789623596587	0.591
Hypsugo_pulveratus	0.688	3.0789623596587	0.724
Perimyotis_subflavus	0.658	3.0789623596587	0.724
Pteronotus_gymnonotus	0.949	3.0789623596587	1.134
Pteronotus_parnellii_mesoamericanus	1.134	3.0789623596587	1.305
Pteronotus_personatus	0.783	3.0789623596587	0.908
Rhinolophus_cornutus	0.802	3.0789623596587	0.82
Rhinolophus_eloquens	1.134	3.0789623596587	1.281
Rhinolophus_hipposideros	0.739	3.0789623596587	0.663
Rhinolophus_landeri	0.904	3.0789623596587	0.987
Rhinolophus_lepidus	0.775	3.0789623596587	0.778
Rhinolophus_luctus	1.332	3.0789623596587	1.516
Rhinolophus_macrotis	0.87	3.0789623596587	0.799
Rhinolophus_malayanus	0.772	3.0789623596587	0.806
Rhinolophus_megaphyllus	0.943	3.0789623596587	0.991
Rhinolophus_pearsonii	1.064	3.0789623596587	1.143
Rhinolophus_pusillus	0.719	3.0789623596587	0.672
Rhinolophus_trifoliatus	1.033	3.0789623596587	1.164
Rhinolophus_yunnanensis	1.21	3.0789623596587	1.371
Rhinonicteris_aurantia	0.864	3.0789623596587	0.934
Rhinophylla_pumilio	1.104	3.0789623596587	0.949
Rhinopoma_hardwickii	0.986	3.0789623596587	1.111
Rhinopoma_microphyllum	1.143	3.0789623596587	1.468
Rhogeessa_parvula	0.537	3.0789623596587	0.653
Rhynchonycteris_naso	0.479	3.0789623596587	0.58
Saccopteryx_bilineata	0.952	3.0789623596587	0.924
Saccopteryx_canescens	0.611	3.0789623596587	0.531
Saccopteryx_leptura	0.692	3.0789623596587	0.708
Scotomanes_ornatus	1.124	3.0789623596587	1.338
Scotophilus_dinganii	1.1	3.0789623596587	1.386
Scotophilus_kuhlii	0.989	3.0789623596587	1.31
Sphaeronycteris_toxophyllum	1.312	3.0789623596587	1.265
Sturnira_lilium	1.365	3.0789623596587	1.305
Sturnira_ludovici	1.386	3.0789623596587	1.413
Sturnira_tildae	1.444	3.0789623596587	1.387
Tadarida_aegyptiaca	1.134	3.0789623596587	1.248
Taphozous_australis	1.246	3.0789623596587	1.38
Taphozous_hildegardeae	1.204	3.0789623596587	1.438
Taphozous_mauritianus	1.255	3.0789623596587	1.462
Taphozous_melanopogon	1.21	3.0789623596587	1.356
Tonatia_bidens	1.35	3.0789623596587	1.468
Lophostoma_schulzi	1.004	3.0789623596587	1.328
Trachops_cirrhosus	1.453	3.0789623596587	1.567
Triaenops_persicus	0.823	3.0789623596587	1.137
Tylonycteris_pachypus	0.36	3.0789623596587	0.681
Tylonycteris_robustula	0.556	3.0789623596587	0.857
Uroderma_bilobatum	1.453	3.0789623596587	1.21
Vampyressa_pusilla	1.173	3.0789623596587	0.934
Vampyrum_spectrum	1.816	3.0789623596587	2.238
Alouatta_seniculus	2.708	3.0789623596587	3.806
Aotus_trivirgatus	2.386	3.0789623596587	2.919
Ateles_geoffroyi	2.865	3.0789623596587	3.903
Avahi_laniger	2.382	3.0789623596587	3.109
Plecturocebus_moloch	2.369	3.0789623596587	2.954
Callimico_goeldii	2.14	3.0789623596587	2.681
Callithrix_jacchus	1.954	3.0789623596587	2.447
Cebuella_pygmaea	1.913	3.0789623596587	2.146
Cebus_albifrons	2.591	3.0789623596587	3.491
Cercopithecus_ascanius	2.841	3.0789623596587	3.531
Cercopithecus_mitis_mitis	2.79	3.0789623596587	3.799
Cheirogaleus_major	2.173	3.0789623596587	2.653
Cheirogaleus_medius	1.815	3.0789623596587	2.248
Daubentonia_madagascariensis	3.019	3.0789623596587	3.447
Erythrocebus_patas	2.841	3.0789623596587	3.892
Eulemur_fulvus_fulvus	2.625	3.0789623596587	3.146
Galago_senegalensis	2.029	3.0789623596587	2.27
Galagoides_demidoff	1.777	3.0789623596587	1.908
Gorilla_gorilla	3.436	3.0789623596587	5.021
Homo_sapiens	3.788	3.0789623596587	4.813
Hylobates_lar	3.055	3.0789623596587	3.756
Indri_indri	2.928	3.0789623596587	3.796
Lagothrix_lagotricha	2.833	3.0789623596587	3.716
Lepilemur_mustelinus	2.288	3.0789623596587	2.961
Lophocebus_albigena	2.799	3.0789623596587	3.898
Loris_tardigradus_tardigradus	1.999	3.0789623596587	2.508
Macaca_mulatta	2.806	3.0789623596587	3.892
Microcebus_murinus	1.603	3.0789623596587	1.732
Miopithecus_talapoin	2.413	3.0789623596587	3.079
Nasalis_larvatus	2.932	3.0789623596587	4.146
Nycticebus_coucang	2.326	3.0789623596587	2.903
Otolemur_crassicaudatus	2.258	3.0789623596587	2.929
Pan_troglodytes	3.305	3.0789623596587	4.663
Papio_cynocephalus	3.117	3.0789623596587	4.398
Perodicticus_potto	2.516	3.0789623596587	3.061
Pithecia_monachus	2.461	3.0789623596587	3.176
Piliocolobus_badius	2.911	3.0789623596587	3.845
Propithecus_verreauxi	2.646	3.0789623596587	3.542
Pygathrix_nemaeus	2.859	3.0789623596587	3.875
Saguinus_midas	2.079	3.0789623596587	2.531
Saguinus_oedipus	2.029	3.0789623596587	2.58
Saimiri_sciureus_sciureus	2.225	3.0789623596587	2.82
Tarsius_tarsier	1.839	3.0789623596587	2.097
Varecia_variegata	2.784	3.0789623596587	3.477
