Species_TTOL	SEP	rest_of_brain	BOD	BOD2
Anourosorex_squamipes	0.786	2.5613393948666	1.86328760196422	3.47184068763358
Atelerix_algirus	1.641	3.45937494595256	1.86328760196422	3.47184068763358
Blarina_brevicauda	0.832	2.56526016953364	1.86328760196422	3.47184068763358
Chrysochloris_asiatica	1.084	2.8124927980164	1.86328760196422	3.47184068763358
Chrysochloris_stuhlmanni	1.053	2.83356529108882	1.86328760196422	3.47184068763358
Crocidura_attenuata	0.486	2.29369840905507	1.86328760196422	3.47184068763358
Crocidura_flavescens	0.779	2.58207746336137	1.86328760196422	3.47184068763358
Crocidura_hildegardeae	0.52	2.30064063157812	1.86328760196422	3.47184068763358
Crocidura_denti	0.534	2.36479451634544	1.86328760196422	3.47184068763358
Crocidura_russula	0.508	2.26471093422473	1.86328760196422	3.47184068763358
Crocidura_suaveolens	0.461	2.25063238800831	1.86328760196422	3.47184068763358
Cryptotis_parvus	0.614	2.36248471949945	1.86328760196422	3.47184068763358
Desmana_moschata	1.63	3.55635615102067	1.86328760196422	3.47184068763358
Echinops_telfairi	1.062	2.74834886210844	1.86328760196422	3.47184068763358
Echinosorex_gymnura	1.885	3.7443098228403	1.86328760196422	3.47184068763358
Erinaceus_europaeus	1.716	3.47896517613914	1.86328760196422	3.47184068763358
Euroscaptor_micrura	1.124	2.88161190363473	1.86328760196422	3.47184068763358
Galemys_pyrenaicus	1.303	3.0873915761491	1.86328760196422	3.47184068763358
Geogale_aurita	0.31	2.08153227068238	1.86328760196422	3.47184068763358
Hemicentetes_semispinosus	1.125	2.87971667978679	1.86328760196422	3.47184068763358
Hemiechinus_auritus	1.448	3.22302557506589	1.86328760196422	3.47184068763358
Hylomys_suillus	1.243	3.04265473490601	1.86328760196422	3.47184068763358
Limnogale_mergulus	1.291	3.01708868959485	1.86328760196422	3.47184068763358
Microgale_dobsoni	0.979	2.70344201843958	1.86328760196422	3.47184068763358
Microgale_talazaci	1.056	2.85130596152045	1.86328760196422	3.47184068763358
Micropotamogale_lamottei	1.178	2.86835860528116	1.86328760196422	3.47184068763358
Micropotamogale_ruwenzorii	1.237	3.0239960099372	1.86328760196422	3.47184068763358
Myosorex_sclateri	0.747	2.52863027572128	1.86328760196422	3.47184068763358
Neomys_anomalus	0.632	2.4253493121911	1.86328760196422	3.47184068763358
Neomys_fodiens	0.757	2.4844525337294	1.86328760196422	3.47184068763358
Oryzorictes_hova	1.002	2.72555444984195	1.86328760196422	3.47184068763358
Parascalops_breweri	1.128	2.9176407015745	1.86328760196422	3.47184068763358
Potamogale_velox	1.693	3.58573403914356	1.86328760196422	3.47184068763358
Ruwenzorisorex_suncoides	0.78	2.54319142403048	1.86328760196422	3.47184068763358
Scalopus_aquaticus	1.239	3.09133564705225	1.86328760196422	3.47184068763358
Scutisorex_somereni	1.036	2.77648055519446	1.86328760196422	3.47184068763358
Setifer_setosus	1.394	3.13780347988815	1.86328760196422	3.47184068763358
Solenodon_paradoxus	1.821	3.63091110993978	1.86328760196422	3.47184068763358
Sorex_alpinus	0.604	2.39429748323639	1.86328760196422	3.47184068763358
Sorex_araneus	0.53	2.30376222600923	1.86328760196422	3.47184068763358
Sorex_cinereus	0.42	2.19894571979351	1.86328760196422	3.47184068763358
Sorex_fumeus	0.573	2.35557876339451	1.86328760196422	3.47184068763358
Sorex_hoyi	0.228	1.95473569737117	1.86328760196422	3.47184068763358
Sorex_minutus	0.26	2.03191366086741	1.86328760196422	3.47184068763358
Suncus_etruscus	0.017	1.76381793243763	1.86328760196422	3.47184068763358
Suncus_murinus	0.777	2.54992986543294	1.86328760196422	3.47184068763358
Sylvisorex_granti	0.428	2.19026550669	1.86328760196422	3.47184068763358
Suncus_megalura	0.467	2.24721153694055	1.86328760196422	3.47184068763358
Talpa_europaea	1.178	2.9763963558453	1.86328760196422	3.47184068763358
Tenrec_ecaudatus	1.57	3.35823796436117	1.86328760196422	3.47184068763358
Aepyprymnus_rufescens	2.074816	4.0785367274352	1.86328760196422	3.47184068763358
Antechinus_flavipes	0.949878	2.78774994860876	1.86328760196422	3.47184068763358
Antechinus_minimus	1.041393	2.86153430048589	1.86328760196422	3.47184068763358
Bettongia_gaimardi	2.088136	4.04663551459762	1.86328760196422	3.47184068763358
Bettongia_penicillata	2.038223	3.98021273823091	1.86328760196422	3.47184068763358
Burramys_parvus	1.152288	2.92464113314859	1.86328760196422	3.47184068763358
Cercartetus_nanus	0.900913	2.67775290596171	1.86328760196422	3.47184068763358
Dactylopsila_trivirgata	1.778151	3.76646475332113	1.86328760196422	3.47184068763358
Dasycercus_cristicauda	1.305351	3.16814378922862	1.86328760196422	3.47184068763358
Dasyuroides_byrnei	1.338456	3.1709361619783	1.86328760196422	3.47184068763358
Dasyurus_geoffroii	1.775246	3.70221513935253	1.86328760196422	3.47184068763358
Dasyurus_hallucatus	1.583199	3.45874340368618	1.86328760196422	3.47184068763358
Dendrolagus_lumholtzi	2.280123	4.32056441398414	1.86328760196422	3.47184068763358
Distoechurus_pennatus	1.170262	2.99668674974598	1.86328760196422	3.47184068763358
Dorcopsis	2.163161	4.18833195300086	1.86328760196422	3.47184068763358
Echymipera_kalubu	1.701568	3.52847956017657	1.86328760196422	3.47184068763358
Gymnobelideus_leadbeateri	1.488551	3.34769853893654	1.86328760196422	3.47184068763358
Hypsiprymnodon_moschatus	1.800717	3.74212014161771	1.86328760196422	3.47184068763358
Isoodon_macrourus	1.769377	3.58290385753117	1.86328760196422	3.47184068763358
Isoodon_obesulus_obesulus	1.816241	3.62554911049539	1.86328760196422	3.47184068763358
Osphranter_antilopinus	2.608205	4.71459609027679	1.86328760196422	3.47184068763358
Macropus_giganteus	2.591176	4.77506983526938	1.86328760196422	3.47184068763358
Notamacropus_irma	2.356599	4.36841530467472	1.86328760196422	3.47184068763358
Notamacropus_parma	2.13226	4.20117855029655	1.86328760196422	3.47184068763358
Notamacropus_parryi	2.504199	4.51970786965636	1.86328760196422	3.47184068763358
Osphranter_robustus	2.533899	4.66347772236744	1.86328760196422	3.47184068763358
Osphranter_rufus	2.644832	4.6959083965357	1.86328760196422	3.47184068763358
Thylamys_pallidior	0.910624	2.76345797589405	1.86328760196422	3.47184068763358
Marmosops_impavidus	1.227887	3.05568408388292	1.86328760196422	3.47184068763358
Monodelphis_brevicaudata	1.117271	2.94537022663038	1.86328760196422	3.47184068763358
Notoryctes_typhlops	1.190332	2.91376083971985	1.86328760196422	3.47184068763358
Petauroides_volans	1.633468	3.62032345471659	1.86328760196422	3.47184068763358
Petaurus_australis	1.767156	3.77024778429207	1.86328760196422	3.47184068763358
Petaurus_breviceps	1.437751	3.32467344517594	1.86328760196422	3.47184068763358
Petaurus_norfolcensis	1.561101	3.45766979672993	1.86328760196422	3.47184068763358
Petrogale_inornata	2.200577	4.23497248958282	1.86328760196422	3.47184068763358
Petrogale_lateralis	2.130012	4.16786355239828	1.86328760196422	3.47184068763358
Petrogale_penicillata	2.299071	4.31879823891567	1.86328760196422	3.47184068763358
Petrogale_purpureicollis	2.215109	4.24652097310723	1.86328760196422	3.47184068763358
Petropseudes_dahli	1.752816	3.69722055952986	1.86328760196422	3.47184068763358
Phascolarctos_cinereus	2.223496	4.22355030391757	1.86328760196422	3.47184068763358
Planigale_ingrami	0.158362	1.97840863192174	1.86328760196422	3.47184068763358
Planigale_maculata	0.535294	2.30272041723985	1.86328760196422	3.47184068763358
Potorous_tridactylus_tridactylus	2.071145	3.99808497676137	1.86328760196422	3.47184068763358
Pseudochirulus_canescens	1.469822	3.33597913853393	1.86328760196422	3.47184068763358
Pseudochirulus_forbesi	1.603144	3.47922966682932	1.86328760196422	3.47184068763358
Sarcophilus_harrisii	2.240549	4.14834965764349	1.86328760196422	3.47184068763358
Sminthopsis_crassicaudata	0.774517	2.53750425778387	1.86328760196422	3.47184068763358
Sminthopsis_leucopus	0.840106	2.66164229549523	1.86328760196422	3.47184068763358
Phalanger_gymnotis	2.186108	4.06032757480693	1.86328760196422	3.47184068763358
Thylacinus_cynocephalus	2.554489	4.70915133299125	1.86328760196422	3.47184068763358
Thylogale_billardierii	2.319314	4.34805949126278	1.86328760196422	3.47184068763358
Thylogale_stigmatica	2.231215	4.25065668458073	1.86328760196422	3.47184068763358
Trichosurus_vulpecula	2.114611	4.00237325530746	1.86328760196422	3.47184068763358
Vombatus_ursinus	2.571243	4.68410274637518	1.86328760196422	3.47184068763358
Wallabia_bicolor	2.491362	4.55349934894676	1.86328760196422	3.47184068763358
Balionycteris_maculata	0.926	2.68604357258994	1.86328760196422	3.47184068763358
Casinycteris_argynnis	1.086	2.89835140151989	1.86328760196422	3.47184068763358
Chironax_melanocephalus	0.979	2.75718362381577	1.86328760196422	3.47184068763358
Cynopterus_brachyotis	1.164	2.966833649282	1.86328760196422	3.47184068763358
Cynopterus_horsfieldii	1.267	3.11468350641045	1.86328760196422	3.47184068763358
Cynopterus_sphinx	1.238	3.05354966776212	1.86328760196422	3.47184068763358
Dobsonia_inermis	1.593	3.40766797562694	1.86328760196422	3.47184068763358
Dobsonia_moluccensis	1.786	3.63531672034154	1.86328760196422	3.47184068763358
Dobsonia_praedatrix	1.621	3.45265177566025	1.86328760196422	3.47184068763358
Eidolon_helvum	1.79	3.60406636908379	1.86328760196422	3.47184068763358
Eonycteris_spelaea	1.299	3.09326062869164	1.86328760196422	3.47184068763358
Epomophorus_labiatus	1.33	3.17341455082117	1.86328760196422	3.47184068763358
Epomops_franqueti	1.461	3.3178958890353	1.86328760196422	3.47184068763358
Hypsignathus_monstrosus	1.659	3.51177917774895	1.86328760196422	3.47184068763358
Macroglossus_minimus	0.911	2.72492739657078	1.86328760196422	3.47184068763358
Megaerops_ecaudatus	1.061	2.87855040696948	1.86328760196422	3.47184068763358
Megaloglossus_woermanni	1.009	2.80962194180342	1.86328760196422	3.47184068763358
Melonycteris_melanops	1.248	3.08827988670424	1.86328760196422	3.47184068763358
Melonycteris_woodfordi	1.155	2.98478330621441	1.86328760196422	3.47184068763358
Epomophorus_pusillus	1.053	2.8916991691473	1.86328760196422	3.47184068763358
Myonycteris_torquata	1.243	3.04038415947288	1.86328760196422	3.47184068763358
Notopteris_macdonaldi	1.373	3.14143861060649	1.86328760196422	3.47184068763358
Nyctimene_albiventer	1.072	2.89166094946112	1.86328760196422	3.47184068763358
Nyctimene_robinsoni	1.236	3.06521908417013	1.86328760196422	3.47184068763358
Nyctimene_vizcaccia	1.146	2.97019608506253	1.86328760196422	3.47184068763358
Paranyctimene_raptor	0.975	2.83904237199348	1.86328760196422	3.47184068763358
Pteropus_alecto	1.956	3.82069860124938	1.86328760196422	3.47184068763358
Pteropus_conspicillatus	1.987	3.89493121910952	1.86328760196422	3.47184068763358
Pteropus_hypomelanus	1.844	3.69716131393364	1.86328760196422	3.47184068763358
Pteropus_lylei	1.845	3.75598421253182	1.86328760196422	3.47184068763358
Pteropus_neohibernicus	1.986	3.92848620624869	1.86328760196422	3.47184068763358
Pteropus_poliocephalus	1.955	3.83016987335255	1.86328760196422	3.47184068763358
Pteropus_samoensis	1.827	3.73626675041077	1.86328760196422	3.47184068763358
Pteropus_scapulatus	1.829	3.70549571470575	1.86328760196422	3.47184068763358
Pteropus_temminckii	1.808	3.66354900940771	1.86328760196422	3.47184068763358
Pteropus_tonganus	1.87	3.75825829746648	1.86328760196422	3.47184068763358
Pteropus_vampyrus	2.055	3.92972371176801	1.86328760196422	3.47184068763358
Rousettus_aegyptiacus	1.505	3.32486399626551	1.86328760196422	3.47184068763358
Rousettus_amplexicaudatus	1.36	3.1617898919156	1.86328760196422	3.47184068763358
Scotonycteris_zenkeri	0.965	2.8251361190744	1.86328760196422	3.47184068763358
Sphaerias_blanfordi	1.161	2.89058047078486	1.86328760196422	3.47184068763358
Syconycteris_australis	0.991	2.75449107699007	1.86328760196422	3.47184068763358
Anoura_caudifer	0.76	2.5806238378183	1.86328760196422	3.47184068763358
Anoura_geoffroyi	0.93	2.74657171798292	1.86328760196422	3.47184068763358
Ardops_nichollsi	0.87	2.72119019257957	1.86328760196422	3.47184068763358
Artibeus_cinereus	0.79	2.64696591916355	1.86328760196422	3.47184068763358
Artibeus_concolor	0.88	2.77277474031503	1.86328760196422	3.47184068763358
Artibeus_jamaicensis	1.08	2.98333261088124	1.86328760196422	3.47184068763358
Artibeus_lituratus	1.18	3.06496819373968	1.86328760196422	3.47184068763358
Aselliscus_stoliczkanus	0.22	2.14627742243429	1.86328760196422	3.47184068763358
Aselliscus_tricuspidatus	0.24	2.0993562087761	1.86328760196422	3.47184068763358
Brachyphylla_cavernarum	1.24	3.05292228999784	1.86328760196422	3.47184068763358
Cardioderma_cor	0.84	2.79992584642206	1.86328760196422	3.47184068763358
Carollia_perspicillata	0.85	2.71324648190518	1.86328760196422	3.47184068763358
Chalinolobus_gouldii	0.53	2.35195774032069	1.86328760196422	3.47184068763358
Chalinolobus_morio	0.43	2.24071974568802	1.86328760196422	3.47184068763358
Chiroderma_salvini	0.96	2.88624082329356	1.86328760196422	3.47184068763358
Chiroderma_trinitatum	0.78	2.70539048497075	1.86328760196422	3.47184068763358
Chiroderma_villosum	0.88	2.82351695180044	1.86328760196422	3.47184068763358
Choeroniscus_minor	0.68	2.5659450134905	1.86328760196422	3.47184068763358
Coleura_afra	0.44	2.38684133903795	1.86328760196422	3.47184068763358
Cormura_brevirostris	0.38	2.31547900333038	1.86328760196422	3.47184068763358
Craseonycteris_thonglongyai	0.07	1.91186407137902	1.86328760196422	3.47184068763358
Desmodus_rotundus	1.04	2.97496949473285	1.86328760196422	3.47184068763358
Diphylla_ecaudata	0.94	2.87975236516861	1.86328760196422	3.47184068763358
Emballonura_monticola	0.25	2.19689550326823	1.86328760196422	3.47184068763358
Emballonura_raffrayana	0.34	2.21750313113026	1.86328760196422	3.47184068763358
Eptesicus_brasiliensis	0.48	2.27704088235613	1.86328760196422	3.47184068763358
Eptesicus_fuscus_bahamensis	0.53	2.3513653086034	1.86328760196422	3.47184068763358
Eumops_auripendulus	0.79	2.75999624802448	1.86328760196422	3.47184068763358
Eumops_glaucinus	0.9	2.79101278730558	1.86328760196422	3.47184068763358
Furipterus_horrens	0.12	2.07959239815975	1.86328760196422	3.47184068763358
Glischropus_tylopus	0.1	1.97312302120491	1.86328760196422	3.47184068763358
Glossophaga_longirostris	0.78	2.6169266719764	1.86328760196422	3.47184068763358
Glossophaga_soricina	0.76	2.57354501835856	1.86328760196422	3.47184068763358
Harpiocephalus_harpia	0.85	2.62086344715862	1.86328760196422	3.47184068763358
Hesperoptenus_blanfordi	0.32	2.16984821507198	1.86328760196422	3.47184068763358
Hipposideros_armiger	0.93	2.87560056473481	1.86328760196422	3.47184068763358
Hipposideros_ater	0.43	2.30545128539469	1.86328760196422	3.47184068763358
Hipposideros_caffer	0.55	2.4627759440208	1.86328760196422	3.47184068763358
Macronycteris_commersoni	0.94	2.84697711567035	1.86328760196422	3.47184068763358
Hipposideros_diadema	0.93	2.82568898250015	1.86328760196422	3.47184068763358
Hipposideros_fulvus	0.44	2.34735841257385	1.86328760196422	3.47184068763358
Hipposideros_lankadiva	0.94	2.83381440820857	1.86328760196422	3.47184068763358
Hipposideros_larvatus	0.72	2.59070379701993	1.86328760196422	3.47184068763358
Hipposideros_ridleyi	0.52	2.40319100137588	1.86328760196422	3.47184068763358
Hipposideros_speoris	0.53	2.42782469906196	1.86328760196422	3.47184068763358
Hipposideros_turpis	0.84	2.74970813235674	1.86328760196422	3.47184068763358
Ia_io	0.99	2.85693377655639	1.86328760196422	3.47184068763358
Kerivoula_papillosa	0.45	2.47004291344843	1.86328760196422	3.47184068763358
Lasiurus_borealis	0.32	2.20786055220101	1.86328760196422	3.47184068763358
Leptonycteris_curasoae	0.92	2.76007259430502	1.86328760196422	3.47184068763358
Leptonycteris_nivalis	0.95	2.74009904764629	1.86328760196422	3.47184068763358
Lonchophylla_mordax	0.82	2.61273847911539	1.86328760196422	3.47184068763358
Hsunycteris_thomasi	0.67	2.50023862095974	1.86328760196422	3.47184068763358
Lophostoma_silvicolum	0.75	2.85331808051172	1.86328760196422	3.47184068763358
Macroderma_gigas	1.18	3.20498065502424	1.86328760196422	3.47184068763358
Macrophyllum_macrophyllum	0.48	2.4790378028068	1.86328760196422	3.47184068763358
Megaderma_lyra	0.9	2.93241161841455	1.86328760196422	3.47184068763358
Megaderma_spasma	0.79	2.78365497627165	1.86328760196422	3.47184068763358
Mesophylla_macconnelli	0.63	2.5144416036305	1.86328760196422	3.47184068763358
Micronycteris_brachyotis	0.64	2.58328686142129	1.86328760196422	3.47184068763358
Micronycteris_megalotis	0.39	2.41295245824855	1.86328760196422	3.47184068763358
Micronycteris_minuta	0.47	2.43110917339505	1.86328760196422	3.47184068763358
Micronycteris_schmidtorum	0.45	2.46261324325241	1.86328760196422	3.47184068763358
Gardnerycteris_crenulatum	0.47	2.48743694137244	1.86328760196422	3.47184068763358
Miniopterus_australis	0.43	2.28796870242141	1.86328760196422	3.47184068763358
Miniopterus_inflatus	0.59	2.48807198431177	1.86328760196422	3.47184068763358
Miniopterus_magnater	0.57	2.4849865990346	1.86328760196422	3.47184068763358
Miniopterus_pusillus	0.42	2.31097785415854	1.86328760196422	3.47184068763358
Miniopterus_tristis	0.57	2.49587912679333	1.86328760196422	3.47184068763358
Molossus_molossus	0.61	2.47483774200244	1.86328760196422	3.47184068763358
Molossus_rufus	0.79	2.69716719929339	1.86328760196422	3.47184068763358
Monophyllus_plethodon	0.77	2.62023584937206	1.86328760196422	3.47184068763358
Mormoops_megalophylla	0.68	2.56247160047249	1.86328760196422	3.47184068763358
Murina_cyclotis	0.52	2.37139315447136	1.86328760196422	3.47184068763358
Murina_huttoni	0.55	2.38592275334146	1.86328760196422	3.47184068763358
Myotis_adversus	0.54	2.3772871201093	1.86328760196422	3.47184068763358
Myotis_albescens	0.22	2.07780309246655	1.86328760196422	3.47184068763358
Myotis_annectans	0.51	2.31710569964846	1.86328760196422	3.47184068763358
Myotis_bechsteinii	0.67	2.39586985328546	1.86328760196422	3.47184068763358
Myotis_bocagii	0.4	2.25339686523018	1.86328760196422	3.47184068763358
Myotis_dasycneme	0.67	2.46431986810657	1.86328760196422	3.47184068763358
Myotis_myotis	0.83	2.65907694339085	1.86328760196422	3.47184068763358
Myotis_nigricans	0.31	2.11100026230064	1.86328760196422	3.47184068763358
Myotis_siligorensis	0.15	1.98557890358024	1.86328760196422	3.47184068763358
Natalus_tumidirostris	0.49	2.36796538095518	1.86328760196422	3.47184068763358
Noctilio_albiventris	0.72	2.74963685311494	1.86328760196422	3.47184068763358
Noctilio_leporinus	1.03	3.04342425236468	1.86328760196422	3.47184068763358
Nyctalus_noctula	0.66	2.52928534798622	1.86328760196422	3.47184068763358
Nycteris_arge	0.55	2.51972165509131	1.86328760196422	3.47184068763358
Nycteris_grandis	0.8	2.82882341601125	1.86328760196422	3.47184068763358
Nycteris_hispida	0.47	2.43216548536531	1.86328760196422	3.47184068763358
Nycteris_javanica	0.55	2.65047090615567	1.86328760196422	3.47184068763358
Nycteris_macrotis	0.54	2.56570573628551	1.86328760196422	3.47184068763358
Nycteris_thebaica	0.46	2.4880134922472	1.86328760196422	3.47184068763358
Nyctophilus_geoffroyi	0.33	2.1954325071819	1.86328760196422	3.47184068763358
Otomops_martiensseni	0.85	2.85387267955123	1.86328760196422	3.47184068763358
Peropteryx_macrotis	0.3	2.18774408447669	1.86328760196422	3.47184068763358
Phylloderma_stenops	1.2	3.10305487853701	1.86328760196422	3.47184068763358
Phyllostomus_discolor	1.12	3.01289560068157	1.86328760196422	3.47184068763358
Phyllostomus_elongatus	0.94	2.91962973558399	1.86328760196422	3.47184068763358
Phyllostomus_hastatus	1.17	3.15775224544109	1.86328760196422	3.47184068763358
Pipistrellus_javanicus	0.21	2.04743835568333	1.86328760196422	3.47184068763358
Pipistrellus_tenuis	0.12	1.94445839594312	1.86328760196422	3.47184068763358
Afronycteris_nana	0.16	1.97624949883145	1.86328760196422	3.47184068763358
Hypsugo_pulveratus	0.32	2.12583275320563	1.86328760196422	3.47184068763358
Perimyotis_subflavus	0.36	2.0689992385851	1.86328760196422	3.47184068763358
Pteronotus_gymnonotus	0.54	2.50919392843789	1.86328760196422	3.47184068763358
Pteronotus_parnellii_mesoamericanus	0.77	2.71076396835588	1.86328760196422	3.47184068763358
Pteronotus_personatus	0.42	2.33437416842607	1.86328760196422	3.47184068763358
Rhinolophus_cornutus	0.37	2.26307067478927	1.86328760196422	3.47184068763358
Rhinolophus_eloquens	0.71	2.58228368121921	1.86328760196422	3.47184068763358
Rhinolophus_hipposideros	0.31	2.14741999328989	1.86328760196422	3.47184068763358
Rhinolophus_landeri	0.56	2.41927248180996	1.86328760196422	3.47184068763358
Rhinolophus_lepidus	0.36	2.24246038366786	1.86328760196422	3.47184068763358
Rhinolophus_luctus	0.76	2.76563752486781	1.86328760196422	3.47184068763358
Rhinolophus_macrotis	0.43	2.29216841823355	1.86328760196422	3.47184068763358
Rhinolophus_malayanus	0.44	2.28065583157794	1.86328760196422	3.47184068763358
Rhinolophus_megaphyllus	0.49	2.39284327871508	1.86328760196422	3.47184068763358
Rhinolophus_pearsonii	0.58	2.49680535567541	1.86328760196422	3.47184068763358
Rhinolophus_pusillus	0.27	2.19036275728536	1.86328760196422	3.47184068763358
Rhinolophus_trifoliatus	0.52	2.51948592306197	1.86328760196422	3.47184068763358
Rhinolophus_yunnanensis	0.68	2.61598611233896	1.86328760196422	3.47184068763358
Rhinonicteris_aurantia	0.5	2.36980993185743	1.86328760196422	3.47184068763358
Rhinophylla_pumilio	0.65	2.52389337701925	1.86328760196422	3.47184068763358
Rhinopoma_hardwickii	0.59	2.41517493551946	1.86328760196422	3.47184068763358
Rhinopoma_microphyllum	0.7	2.56167523073907	1.86328760196422	3.47184068763358
Rhogeessa_parvula	0.21	2.02540404611476	1.86328760196422	3.47184068763358
Rhynchonycteris_naso	0.15	2.04732050651951	1.86328760196422	3.47184068763358
Saccopteryx_bilineata	0.43	2.33483311530367	1.86328760196422	3.47184068763358
Saccopteryx_canescens	0.21	2.08934484317686	1.86328760196422	3.47184068763358
Saccopteryx_leptura	0.23	2.18322541361085	1.86328760196422	3.47184068763358
Scotomanes_ornatus	0.78	2.55494722650546	1.86328760196422	3.47184068763358
Scotophilus_dinganii	0.65	2.6152095371468	1.86328760196422	3.47184068763358
Scotophilus_kuhlii	0.61	2.50605597481635	1.86328760196422	3.47184068763358
Sphaeronycteris_toxophyllum	0.82	2.69540272673135	1.86328760196422	3.47184068763358
Sturnira_lilium	0.95	2.7664442150746	1.86328760196422	3.47184068763358
Sturnira_ludovici	0.94	2.79971581818209	1.86328760196422	3.47184068763358
Sturnira_tildae	0.95	2.82056767486967	1.86328760196422	3.47184068763358
Tadarida_aegyptiaca	0.75	2.56759514736225	1.86328760196422	3.47184068763358
Taphozous_australis	0.83	2.68911434548403	1.86328760196422	3.47184068763358
Taphozous_hildegardeae	0.8	2.71134274302204	1.86328760196422	3.47184068763358
Taphozous_mauritianus	0.8	2.71797961523504	1.86328760196422	3.47184068763358
Taphozous_melanopogon	0.75	2.70480831622297	1.86328760196422	3.47184068763358
Tonatia_bidens	0.91	2.87212442061372	1.86328760196422	3.47184068763358
Lophostoma_schulzi	0.56	2.67681030271887	1.86328760196422	3.47184068763358
Trachops_cirrhosus	0.94	2.97719852358353	1.86328760196422	3.47184068763358
Triaenops_persicus	0.42	2.41026109600416	1.86328760196422	3.47184068763358
Tylonycteris_pachypus	0.06	1.87843900376487	1.86328760196422	3.47184068763358
Tylonycteris_robustula	0.16	2.03440793493338	1.86328760196422	3.47184068763358
Uroderma_bilobatum	0.93	2.76341624316696	1.86328760196422	3.47184068763358
Vampyressa_pusilla	0.72	2.55572901399533	1.86328760196422	3.47184068763358
Vampyrum_spectrum	1.3	3.38883839645361	1.86328760196422	3.47184068763358
Alouatta_seniculus	2.301	4.69064476860801	1.86328760196422	3.47184068763358
Aotus_trivirgatus	1.923	4.20956514451613	1.86328760196422	3.47184068763358
Ateles_geoffroyi	2.511	5.00423671459412	1.86328760196422	3.47184068763358
Avahi_laniger	1.843	3.99079117597203	1.86328760196422	3.47184068763358
Plecturocebus_moloch	1.937	4.24999973790912	1.86328760196422	3.47184068763358
Callimico_goeldii	1.803	4.02141427425862	1.86328760196422	3.47184068763358
Callithrix_jacchus	1.697	3.86010428447601	1.86328760196422	3.47184068763358
Cebuella_pygmaea	1.465	3.63358773263483	1.86328760196422	3.47184068763358
Cebus_albifrons	2.241	4.8258408678735	1.86328760196422	3.47184068763358
Cercopithecus_ascanius	2.4	4.80297404128273	1.86328760196422	3.47184068763358
Cercopithecus_mitis_mitis	2.391	4.84835244065239	1.86328760196422	3.47184068763358
Cheirogaleus_major	1.77	3.80396492768725	1.86328760196422	3.47184068763358
Cheirogaleus_medius	1.512	3.4708780230274	1.86328760196422	3.47184068763358
Daubentonia_madagascariensis	2.405	4.6294722319675	1.86328760196422	3.47184068763358
Erythrocebus_patas	2.519	5.01330305301563	1.86328760196422	3.47184068763358
Eulemur_fulvus_fulvus	2.076	4.34468914865517	1.86328760196422	3.47184068763358
Galago_senegalensis	1.553	3.65384583826705	1.86328760196422	3.47184068763358
Galagoides_demidoff	1.41	3.50526524207999	1.86328760196422	3.47184068763358
Gorilla_gorilla	3.069	5.67214160105073	1.86328760196422	3.47184068763358
Homo_sapiens	3.417	6.09769523952942	1.86328760196422	3.47184068763358
Hylobates_lar	2.48	4.98887970833346	1.86328760196422	3.47184068763358
Indri_indri	2.312	4.55944787748954	1.86328760196422	3.47184068763358
Lagothrix_lagotricha	2.425	4.980177796679	1.86328760196422	3.47184068763358
Lepilemur_mustelinus	1.754	3.85550540645094	1.86328760196422	3.47184068763358
Lophocebus_albigena	2.468	4.9893093148895	1.86328760196422	3.47184068763358
Loris_tardigradus_tardigradus	1.614	3.79701647977618	1.86328760196422	3.47184068763358
Macaca_mulatta	2.433	4.94427327976376	1.86328760196422	3.47184068763358
Microcebus_murinus	1.185	3.22499777943092	1.86328760196422	3.47184068763358
Miopithecus_talapoin	2.124	4.57720824492106	1.86328760196422	3.47184068763358
Nasalis_larvatus	2.522	4.97211427746941	1.86328760196422	3.47184068763358
Nycticebus_coucang	1.964	4.07016900764897	1.86328760196422	3.47184068763358
Otolemur_crassicaudatus	1.845	3.98509131950917	1.86328760196422	3.47184068763358
Pan_troglodytes	2.93	5.58232825551133	1.86328760196422	3.47184068763358
Papio_cynocephalus	2.747	5.28121407692444	1.86328760196422	3.47184068763358
Perodicticus_potto	2.057	4.12079897970986	1.86328760196422	3.47184068763358
Pithecia_monachus	2.146	4.51688705271499	1.86328760196422	3.47184068763358
Piliocolobus_badius	2.459	4.86832778778568	1.86328760196422	3.47184068763358
Propithecus_verreauxi	2.201	4.40135338583513	1.86328760196422	3.47184068763358
Pygathrix_nemaeus	2.462	4.86047259819674	1.86328760196422	3.47184068763358
Saguinus_midas	1.612	3.98108200720884	1.86328760196422	3.47184068763358
Saguinus_oedipus	1.782	3.97903342592802	1.86328760196422	3.47184068763358
Saimiri_sciureus_sciureus	1.957	4.35321967494396	1.86328760196422	3.47184068763358
Tarsius_tarsier	1.367	3.53020840861181	1.86328760196422	3.47184068763358
Varecia_variegata	2.314	4.47260429620756	1.86328760196422	3.47184068763358
