Species_TTOL	SEP	rest_of_brain	rest_of_brain2	BOD	BOD2
Anourosorex_squamipes	0.786	2.5613393948666	6.56045949569562	1.307	1.708249
Atelerix_algirus	1.641	3.45937494595256	11.9672750166842	2.867	8.219689
Blarina_brevicauda	0.832	2.56526016953364	6.58055973739577	1.267	1.605289
Chrysochloris_asiatica	1.084	2.8124927980164	7.91011573889411	1.69	2.8561
Chrysochloris_stuhlmanni	1.053	2.83356529108882	8.02909225886326	1.626	2.643876
Crocidura_attenuata	0.486	2.29369840905507	5.26105239170176	0.968	0.937024
Crocidura_flavescens	0.779	2.58207746336137	6.66712402679868	1.467	2.152089
Crocidura_hildegardeae	0.52	2.30064063157812	5.29294731566815	0.996	0.992016
Crocidura_denti	0.534	2.36479451634544	5.59225310453746	1.079	1.164241
Crocidura_russula	0.508	2.26471093422473	5.12891561559707	1.049	1.100401
Crocidura_suaveolens	0.461	2.25063238800831	5.065346145952	1.013	1.026169
Cryptotis_parvus	0.614	2.36248471949945	5.5813340498684	0.991226075692495	0.982529133132744
Desmana_moschata	1.63	3.55635615102067	12.6476690729026	2.646	7.001316
Echinops_telfairi	1.062	2.74834886210844	7.55342146785276	1.942	3.771364
Echinosorex_gymnura	1.885	3.7443098228403	14.0198560494184	2.921	8.532241
Erinaceus_europaeus	1.716	3.47896517613914	12.1031986967888	2.929	8.579041
Euroscaptor_micrura	1.124	2.88161190363473	8.30368716316934	1.617	2.614689
Galemys_pyrenaicus	1.303	3.0873915761491	9.53198674447644	1.778	3.161284
Geogale_aurita	0.31	2.08153227068238	4.33277659389213	1	1
Hemicentetes_semispinosus	1.125	2.87971667978679	8.29276815584225	2.062	4.251844
Hemiechinus_auritus	1.448	3.22302557506589	10.3878938575288	2.371	5.621641
Hylomys_suillus	1.243	3.04265473490601	9.25774783584598	1.756	3.083536
Limnogale_mergulus	1.291	3.01708868959485	9.10282416088118	1.964	3.857296
Microgale_dobsoni	0.979	2.70344201843958	7.30859874706469	1.504	2.262016
Microgale_talazaci	1.056	2.85130596152045	8.12994568620207	1.683	2.832489
Micropotamogale_lamottei	1.178	2.86835860528116	8.22748108849048	1.808	3.268864
Micropotamogale_ruwenzorii	1.237	3.0239960099372	9.14455186811612	1.986	3.944196
Myosorex_sclateri	0.747	2.52863027572128	6.39397107129426	1.23	1.5129
Neomys_anomalus	0.632	2.4253493121911	5.88231928614584	1.037	1.075369
Neomys_fodiens	0.757	2.4844525337294	6.17250439235441	1.182	1.397124
Oryzorictes_hova	1.002	2.72555444984195	7.42864705905324	1.645	2.706025
Parascalops_breweri	1.128	2.9176407015745	8.51262726348414	1.731	2.996361
Potamogale_velox	1.693	3.58573403914356	12.8574885994728	2.791	7.789681
Ruwenzorisorex_suncoides	0.78	2.54319142403048	6.4678226192622	1.262	1.592644
Scalopus_aquaticus	1.239	3.09133564705225	9.55635608273596	2.061	4.247721
Scutisorex_somereni	1.036	2.77648055519446	7.70884427337294	1.792	3.211264
Setifer_setosus	1.394	3.13780347988815	9.84581067839821	2.373	5.631129
Solenodon_paradoxus	1.821	3.63091110993978	13.1835154882841	2.826	7.986276
Sorex_alpinus	0.604	2.39429748323639	5.73266043823212	1.033	1.067089
Sorex_araneus	0.53	2.30376222600923	5.30732039398702	0.987	0.974169
Sorex_cinereus	0.42	2.19894571979351	4.83536227859818	0.633	0.400689
Sorex_fumeus	0.573	2.35557876339451	5.5487513105552	0.924	0.853776
Sorex_hoyi	0.228	1.95473569737117	3.82099164657714	0.42	0.1764
Sorex_minutus	0.26	2.03191366086741	4.12867312521959	0.633	0.400689
Suncus_etruscus	0.017	1.76381793243763	3.11105369878857	0.762	0.580644
Suncus_murinus	0.777	2.54992986543294	6.50214231862683	1.529	2.337841
Sylvisorex_granti	0.428	2.19026550669	4.797262989796	0.591	0.349281
Suncus_megalura	0.467	2.24721153694055	5.04995969175869	0.74	0.5476
Talpa_europaea	1.178	2.9763963558453	8.85893526708917	1.908	3.640464
Tenrec_ecaudatus	1.57	3.35823796436117	11.2777622252766	2.935	8.614225
Aepyprymnus_rufescens	2.074816	4.0785367274352	16.6344618370378	3.392697	11.510392933809
Antechinus_flavipes	0.949878	2.78774994860876	7.77154977596817	1.568202	2.459257512804
Antechinus_minimus	1.041393	2.86153430048589	8.18837855285726	1.724276	2.973127724176
Bettongia_gaimardi	2.088136	4.04663551459762	16.3752589880027	3.176091	10.087554040281
Bettongia_penicillata	2.038223	3.98021273823091	15.8420934415756	3.079181	9.481355630761
Burramys_parvus	1.152288	2.92464113314859	8.55352575770467	1.770852	3.135916805904
Cercartetus_nanus	0.900913	2.67775290596171	7.17036062538641	1.278754	1.635211792516
Dactylopsila_trivirgata	1.778151	3.76646475332113	14.1862567380104	2.643453	6.987843763209
Dasycercus_cristicauda	1.305351	3.16814378922862	10.0371350692279	2	4
Dasyuroides_byrnei	1.338456	3.1709361619783	10.0548361433417	2.146128	4.605865392384
Dasyurus_geoffroii	1.775246	3.70221513935253	13.706396938051	2.69897	7.2844390609
Dasyurus_hallucatus	1.583199	3.45874340368618	11.9629059325426	3.021189	9.127582973721
Dendrolagus_lumholtzi	2.280123	4.32056441398414	18.6672768553861	3.78533	14.3287232089
Distoechurus_pennatus	1.170262	2.99668674974598	8.98013147610311	1.633468	2.668217707024
Dorcopsis	2.163161	4.18833195300086	17.542124548528	3.462398	11.988199910404
Echymipera_kalubu	1.701568	3.52847956017657	12.4501680065838	2.819544	7.949828367936
Gymnobelideus_leadbeateri	1.488551	3.34769853893654	11.2070855075978	2.041393	4.167285380449
Hypsiprymnodon_moschatus	1.800717	3.74212014161771	14.0034631543009	2.748188	7.552537283344
Isoodon_macrourus	1.769377	3.58290385753117	12.8372000523117	3.033424	9.201661163776
Isoodon_obesulus_obesulus	1.816241	3.62554911049539	13.1446063526139	3.004321	9.025944671041
Osphranter_antilopinus	2.608205	4.71459609027679	22.2274162944531	4.537819	20.591801276761
Macropus_giganteus	2.591176	4.77506983526938	22.8012919316995	4.563481	20.825358837361
Notamacropus_irma	2.356599	4.36841530467472	19.0830522741163	3.819544	14.588916367936
Notamacropus_parma	2.13226	4.20117855029655	17.6499012114718	3.536558	12.507242487364
Notamacropus_parryi	2.504199	4.51970786965636	20.4277592270336	4.170262	17.391085148644
Osphranter_robustus	2.533899	4.66347772236744	21.7480244670174	4.409933	19.447509064489
Osphranter_rufus	2.644832	4.6959083965357	22.0515556686545	4.494155	20.197429164025
Thylamys_pallidior	0.910624	2.76345797589405	7.63669998453245	1.477121	2.181886448641
Marmosops_impavidus	1.227887	3.05568408388292	9.33720522049542	1.845098	3.404386629604
Monodelphis_brevicaudata	1.117271	2.94537022663038	8.67520577192069	1.924279	3.702849669841
Notoryctes_typhlops	1.190332	2.91376083971985	8.49000223108495	1.531479	2.345427927441
Petauroides_volans	1.633468	3.62032345471659	13.106741916771	3.09691	9.5908515481
Petaurus_australis	1.767156	3.77024778429207	14.2147683549593	2.748188	7.552537283344
Petaurus_breviceps	1.437751	3.32467344517594	11.053453517058	2.113943	4.468755007249
Petaurus_norfolcensis	1.561101	3.45766979672993	11.9554804232184	2.374748	5.639428063504
Petrogale_inornata	2.200577	4.23497248958282	17.9349919875233	3.628389	13.165206735321
Petrogale_lateralis	2.130012	4.16786355239828	17.3710865914101	3.556303	12.647291027809
Petrogale_penicillata	2.299071	4.31879823891567	18.6520182284611	3.690196	13.617546518416
Petrogale_purpureicollis	2.215109	4.24652097310723	18.0329403750396	3.740363	13.990315371769
Petropseudes_dahli	1.752816	3.69722055952986	13.6694398658103	3.127105	9.778785681025
Phascolarctos_cinereus	2.223496	4.22355030391757	17.8383771697222	3.968483	15.748857321289
Planigale_ingrami	0.158362	1.97840863192174	3.91410071486245	0.826075	0.682399905625
Planigale_maculata	0.535294	2.30272041723985	5.30252131997327	1.041393	1.084499380449
Potorous_tridactylus_tridactylus	2.071145	3.99808497676137	15.984683481405	3.089905	9.547512909025
Pseudochirulus_canescens	1.469822	3.33597913853393	11.1287568127336	2.447158	5.988582276964
Pseudochirulus_forbesi	1.603144	3.47922966682932	12.1050390745452	2.70757	7.3309353049
Sarcophilus_harrisii	2.240549	4.14834965764349	17.2088048820708	3.732394	13.930764971236
Sminthopsis_crassicaudata	0.774517	2.53750425778387	6.43892785827126	1.146128	1.313609392384
Sminthopsis_leucopus	0.840106	2.66164229549523	7.08433970916911	1.361728	1.854303145984
Phalanger_gymnotis	2.186108	4.06032757480693	16.4862600147375	3.451786	11.914826589796
Thylacinus_cynocephalus	2.554489	4.70915133299125	22.1761062770133	4.342423	18.856637510929
Thylogale_billardierii	2.319314	4.34805949126278	18.9056213395604	3.845098	14.784778629604
Thylogale_stigmatica	2.231215	4.25065668458073	18.0680822501708	3.653213	13.345965223369
Trichosurus_vulpecula	2.114611	4.00237325530746	16.0189916748004	3.30103	10.8967990609
Vombatus_ursinus	2.571243	4.68410274637518	21.9408185385995	4.357935	18.991597464225
Wallabia_bicolor	2.491362	4.55349934894676	20.7343563208586	4.198657	17.628720603649
Balionycteris_maculata	0.926	2.68604357258994	7.21483007385172	1.158	1.340964
Casinycteris_argynnis	1.086	2.89835140151989	8.40044084669229	1.428	2.039184
Chironax_melanocephalus	0.979	2.75718362381577	7.60206153543787	1.248	1.557504
Cynopterus_brachyotis	1.164	2.966833649282	8.80210190251193	1.53	2.3409
Cynopterus_horsfieldii	1.267	3.11468350641045	9.70125334510528	1.773	3.143529
Cynopterus_sphinx	1.238	3.05354966776212	9.32416557349017	1.713	2.934369
Dobsonia_inermis	1.593	3.40766797562694	11.6122010321134	2.173	4.721929
Dobsonia_moluccensis	1.786	3.63531672034154	13.2155276571947	2.543	6.466849
Dobsonia_praedatrix	1.621	3.45265177566025	11.9208042839698	2.25	5.0625
Eidolon_helvum	1.79	3.60406636908379	12.9892943927608	2.418	5.846724
Eonycteris_spelaea	1.299	3.09326062869164	9.56826131701383	1.769	3.129361
Epomophorus_labiatus	1.33	3.17341455082117	10.0705599113635	1.806	3.261636
Epomops_franqueti	1.461	3.3178958890353	11.0084331304774	2.072	4.293184
Hypsignathus_monstrosus	1.659	3.51177917774895	12.3325929932711	2.491	6.205081
Macroglossus_minimus	0.911	2.72492739657078	7.42522931658202	1.164	1.354896
Megaerops_ecaudatus	1.061	2.87855040696948	8.28605244546414	1.38	1.9044
Megaloglossus_woermanni	1.009	2.80962194180342	7.89397545586321	1.253	1.570009
Melonycteris_melanops	1.248	3.08827988670424	9.53747265862198	1.675	2.805625
Melonycteris_woodfordi	1.155	2.98478330621441	8.90893138505621	1.549	2.399401
Epomophorus_pusillus	1.053	2.8916991691473	8.36192408484716	1.4	1.96
Myonycteris_torquata	1.243	3.04038415947288	9.24393583717363	1.561	2.436721
Notopteris_macdonaldi	1.373	3.14143861060649	9.86863654420925	1.841	3.389281
Nyctimene_albiventer	1.072	2.89166094946112	8.36170304663836	1.473	2.169729
Nyctimene_robinsoni	1.236	3.06521908417013	9.39556803396076	1.673	2.798929
Nyctimene_vizcaccia	1.146	2.97019608506253	8.82206478372075	1.549	2.399401
Paranyctimene_raptor	0.975	2.83904237199348	8.06016158997434	1.417	2.007889
Pteropus_alecto	1.956	3.82069860124938	14.597737801589	2.775	7.700625
Pteropus_conspicillatus	1.987	3.89493121910952	15.170489201594	2.875	8.265625
Pteropus_hypomelanus	1.844	3.69716131393364	13.6690017812475	2.591	6.713281
Pteropus_lylei	1.845	3.75598421253182	14.1074174047883	2.497	6.235009
Pteropus_neohibernicus	1.986	3.92848620624869	15.4330038726862	2.924	8.549776
Pteropus_poliocephalus	1.955	3.83016987335255	14.6702012587375	2.842	8.076964
Pteropus_samoensis	1.827	3.73626675041077	13.959689230225	2.491	6.205081
Pteropus_scapulatus	1.829	3.70549571470575	13.7306984917027	2.574	6.625476
Pteropus_temminckii	1.808	3.66354900940771	13.4215913443322	2.398	5.750404
Pteropus_tonganus	1.87	3.75825829746648	14.1245054304756	2.652	7.033104
Pteropus_vampyrus	2.055	3.92972371176801	15.4427284508318	3.027	9.162729
Rousettus_aegyptiacus	1.505	3.32486399626551	11.0547205936626	2.111	4.456321
Rousettus_amplexicaudatus	1.36	3.1617898919156	9.99691532061967	1.856	3.444736
Scotonycteris_zenkeri	0.965	2.8251361190744	7.98139409129878	1.328	1.763584
Sphaerias_blanfordi	1.161	2.89058047078486	8.35545545808283	1.47	2.1609
Syconycteris_australis	0.991	2.75449107699007	7.5872210932179	1.207	1.456849
Anoura_caudifer	0.76	2.5806238378183	6.65961939231605	1.025	1.050625
Anoura_geoffroyi	0.93	2.74657171798292	7.54365620202365	1.204	1.449616
Ardops_nichollsi	0.87	2.72119019257957	7.40487606419122	1.352	1.827904
Artibeus_cinereus	0.79	2.64696591916355	7.00642857721331	1.1	1.21
Artibeus_concolor	0.88	2.77277474031503	7.68827976052911	1.288	1.658944
Artibeus_jamaicensis	1.08	2.98333261088124	8.9002734671475	1.613	2.601769
Artibeus_lituratus	1.18	3.06496819373968	9.39403002863586	1.748	3.055504
Aselliscus_stoliczkanus	0.22	2.14627742243429	4.60650677405116	0.69	0.4761
Aselliscus_tricuspidatus	0.24	2.0993562087761	4.40729649132678	0.643	0.413449
Brachyphylla_cavernarum	1.24	3.05292228999784	9.32033450876568	1.648	2.715904
Cardioderma_cor	0.84	2.79992584642206	7.83958474546228	1.415	2.002225
Carollia_perspicillata	0.85	2.71324648190518	7.36170647157086	1.25	1.5625
Chalinolobus_gouldii	0.53	2.35195774032069	5.53170521225439	1.068	1.140624
Chalinolobus_morio	0.43	2.24071974568802	5.02082497871619	0.919	0.844561
Chiroderma_salvini	0.96	2.88624082329356	8.33038609004629	1.417	2.007889
Chiroderma_trinitatum	0.78	2.70539048497075	7.31913767617029	1.137	1.292769
Chiroderma_villosum	0.88	2.82351695180044	7.97224797710447	1.394	1.943236
Choeroniscus_minor	0.68	2.5659450134905	6.58407381225677	0.982	0.964324
Coleura_afra	0.44	2.38684133903795	5.69701157774045	1.061	1.125721
Cormura_brevirostris	0.38	2.31547900333038	5.36144301486384	0.914	0.835396
Craseonycteris_thonglongyai	0.07	1.91186407137902	3.65522422742997	0.408	0.166464
Desmodus_rotundus	1.04	2.97496949473285	8.85044349459105	1.56	2.4336
Diphylla_ecaudata	0.94	2.87975236516861	8.29297368469423	1.49	2.2201
Emballonura_monticola	0.25	2.19689550326823	4.82634985228017	0.724	0.524176
Emballonura_raffrayana	0.34	2.21750313113026	4.91732013657249	0.771	0.594441
Eptesicus_brasiliensis	0.48	2.27704088235613	5.18491517992119	0.964	0.929296
Eptesicus_fuscus_bahamensis	0.53	2.3513653086034	5.52891881450355	1.134	1.285956
Eumops_auripendulus	0.79	2.75999624802448	7.6175792891092	1.529	2.337841
Eumops_glaucinus	0.9	2.79101278730558	7.78975237890325	1.562	2.439844
Furipterus_horrens	0.12	2.07959239815975	4.32470454248383	0.535	0.286225
Glischropus_tylopus	0.1	1.97312302120491	3.89321445680878	0.69	0.4761
Glossophaga_longirostris	0.78	2.6169266719764	6.84830520650148	1.053	1.108809
Glossophaga_soricina	0.76	2.57354501835856	6.62313396151816	0.996	0.992016
Harpiocephalus_harpia	0.85	2.62086344715862	6.86892520865216	1.13	1.2769
Hesperoptenus_blanfordi	0.32	2.16984821507198	4.70824127645104	0.863	0.744769
Hipposideros_armiger	0.93	2.87560056473481	8.26907860790317	1.748	3.055504
Hipposideros_ater	0.43	2.30545128539469	5.31510562932804	0.839	0.703921
Hipposideros_caffer	0.55	2.4627759440208	6.06526535044753	1.041	1.083681
Macronycteris_commersoni	0.94	2.84697711567035	8.10527869715067	1.997	3.988009
Hipposideros_diadema	0.93	2.82568898250015	7.98451822582275	1.622	2.630884
Hipposideros_fulvus	0.44	2.34735841257385	5.51009151708124	0.845	0.714025
Hipposideros_lankadiva	0.94	2.83381440820857	8.0305041001705	1.686	2.842596
Hipposideros_larvatus	0.72	2.59070379701993	6.7117461638935	1.312	1.721344
Hipposideros_ridleyi	0.52	2.40319100137588	5.775326989094	0.982	0.964324
Hipposideros_speoris	0.53	2.42782469906196	5.89433276937531	1.061	1.125721
Hipposideros_turpis	0.84	2.74970813235674	7.5608948131488	1.542	2.377764
Ia_io	0.99	2.85693377655639	8.16207060362878	1.727	2.982529
Kerivoula_papillosa	0.45	2.47004291344843	6.10111199427681	1.004	1.008016
Lasiurus_borealis	0.32	2.20786055220101	4.87464821796536	0.892	0.795664
Leptonycteris_curasoae	0.92	2.76007259430502	7.61800072583367	1.389	1.929321
Leptonycteris_nivalis	0.95	2.74009904764629	7.50814279091213	1.358	1.844164
Lonchophylla_mordax	0.82	2.61273847911539	6.82640236025021	1.029	1.058841
Hsunycteris_thomasi	0.67	2.50023862095974	6.25119316173868	0.839	0.703921
Lophostoma_silvicolum	0.75	2.85331808051172	8.14142406857511	1.509	2.277081
Macroderma_gigas	1.18	3.20498065502424	10.2719009990796	2.078	4.318084
Macrophyllum_macrophyllum	0.48	2.4790378028068	6.14562842774516	0.934	0.872356
Megaderma_lyra	0.9	2.93241161841455	8.59903789981263	1.587	2.518569
Megaderma_spasma	0.79	2.78365497627165	7.74873502692193	1.354	1.833316
Mesophylla_macconnelli	0.63	2.5144416036305	6.32241657806794	0.875	0.765625
Micronycteris_brachyotis	0.64	2.58328686142129	6.67337100839185	1.167	1.361889
Micronycteris_megalotis	0.39	2.41295245824855	5.8223395657677	0.813	0.660969
Micronycteris_minuta	0.47	2.43110917339505	5.91029181296557	0.839	0.703921
Micronycteris_schmidtorum	0.45	2.46261324325241	6.06446398584217	0.892	0.795664
Gardnerycteris_crenulatum	0.47	2.48743694137244	6.18734253730427	1.072	1.149184
Miniopterus_australis	0.43	2.28796870242141	5.2348007832599	0.851	0.724201
Miniopterus_inflatus	0.59	2.48807198431177	6.19050219911712	1.173	1.375929
Miniopterus_magnater	0.57	2.4849865990346	6.17515839738155	1.176	1.382976
Miniopterus_pusillus	0.42	2.31097785415854	5.34061864241123	0.934	0.872356
Miniopterus_tristis	0.57	2.49587912679333	6.22941261556266	1.193	1.423249
Molossus_molossus	0.61	2.47483774200244	6.12482184923971	1.137	1.292769
Molossus_rufus	0.79	2.69716719929339	7.27471090094414	1.526	2.328676
Monophyllus_plethodon	0.77	2.62023584937206	6.86563590633451	1.176	1.382976
Mormoops_megalophylla	0.68	2.56247160047249	6.56626070322802	1.196	1.430416
Murina_cyclotis	0.52	2.37139315447136	5.62350549307361	0.851	0.724201
Murina_huttoni	0.55	2.38592275334146	5.69262738491251	0.944	0.891136
Myotis_adversus	0.54	2.3772871201093	5.65149405143757	1.049	1.100401
Myotis_albescens	0.22	2.07780309246655	4.31726569106356	0.602	0.362404
Myotis_annectans	0.51	2.31710569964846	5.3689788233434	0.991	0.982081
Myotis_bechsteinii	0.67	2.39586985328546	5.74019235388207	0.978	0.956484
Myotis_bocagii	0.4	2.25339686523018	5.07779743222921	0.845	0.714025
Myotis_dasycneme	0.67	2.46431986810657	6.07287241234477	1.176	1.382976
Myotis_myotis	0.83	2.65907694339085	7.07069019087282	1.408	1.982464
Myotis_nigricans	0.31	2.11100026230064	4.45632210743337	0.663	0.439569
Myotis_siligorensis	0.15	1.98557890358024	3.9425235823429	0.539	0.290521
Natalus_tumidirostris	0.49	2.36796538095518	5.60726004540222	0.839	0.703921
Noctilio_albiventris	0.72	2.74963685311494	7.56050282400782	1.515	2.295225
Noctilio_leporinus	1.03	3.04342425236468	9.26243117988151	1.763	3.108169
Nyctalus_noctula	0.66	2.52928534798622	6.39728437153778	1.431	2.047761
Nycteris_arge	0.55	2.51972165509131	6.34899721913611	1.025	1.050625
Nycteris_grandis	0.8	2.82882341601125	8.00224191897357	1.474	2.172676
Nycteris_hispida	0.47	2.43216548536531	5.91542894820225	0.892	0.795664
Nycteris_javanica	0.55	2.65047090615567	7.02499602437764	1.265	1.600225
Nycteris_macrotis	0.54	2.56570573628551	6.5828459252084	1.161	1.347921
Nycteris_thebaica	0.46	2.4880134922472	6.19021113760409	0.949	0.900601
Nyctophilus_geoffroyi	0.33	2.1954325071819	4.819923893591	0.857	0.734449
Otomops_martiensseni	0.85	2.85387267955123	8.1445892710889	1.618	2.617924
Peropteryx_macrotis	0.3	2.18774408447669	4.78622417916275	0.748	0.559504
Phylloderma_stenops	1.2	3.10305487853701	9.62894957921231	1.664	2.768896
Phyllostomus_discolor	1.12	3.01289560068157	9.07753990060635	1.563	2.442969
Phyllostomus_elongatus	0.94	2.91962973558399	8.52423779290623	1.652	2.729104
Phyllostomus_hastatus	1.17	3.15775224544109	9.97139924358827	1.963	3.853369
Pipistrellus_javanicus	0.21	2.04743835568333	4.19200382032326	0.653	0.426409
Pipistrellus_tenuis	0.12	1.94445839594312	3.78091845355368	0.591	0.349281
Afronycteris_nana	0.16	1.97624949883145	3.90556208163155	0.591	0.349281
Hypsugo_pulveratus	0.32	2.12583275320563	4.51916489460183	0.724	0.524176
Perimyotis_subflavus	0.36	2.0689992385851	4.28075784926571	0.724	0.524176
Pteronotus_gymnonotus	0.54	2.50919392843789	6.29605417050955	1.134	1.285956
Pteronotus_parnellii_mesoamericanus	0.77	2.71076396835588	7.34824129213654	1.305	1.703025
Pteronotus_personatus	0.42	2.33437416842607	5.44930275821491	0.908	0.824464
Rhinolophus_cornutus	0.37	2.26307067478927	5.12148887909114	0.82	0.6724
Rhinolophus_eloquens	0.71	2.58228368121921	6.66818901029102	1.281	1.640961
Rhinolophus_hipposideros	0.31	2.14741999328989	4.61141262758114	0.663	0.439569
Rhinolophus_landeri	0.56	2.41927248180996	5.85287934124292	0.987	0.974169
Rhinolophus_lepidus	0.36	2.24246038366786	5.0286285723198	0.778	0.605284
Rhinolophus_luctus	0.76	2.76563752486781	7.64875091895694	1.516	2.298256
Rhinolophus_macrotis	0.43	2.29216841823355	5.2540360575473	0.799	0.638401
Rhinolophus_malayanus	0.44	2.28065583157794	5.20139102211046	0.806	0.649636
Rhinolophus_megaphyllus	0.49	2.39284327871508	5.72569895649193	0.991	0.982081
Rhinolophus_pearsonii	0.58	2.49680535567541	6.23403698412942	1.143	1.306449
Rhinolophus_pusillus	0.27	2.19036275728536	4.79768900850274	0.672	0.451584
Rhinolophus_trifoliatus	0.52	2.51948592306197	6.34780931650745	1.164	1.354896
Rhinolophus_yunnanensis	0.68	2.61598611233896	6.84338333995029	1.371	1.879641
Rhinonicteris_aurantia	0.5	2.36980993185743	5.61599911313013	0.934	0.872356
Rhinophylla_pumilio	0.65	2.52389337701925	6.37003777856165	0.949	0.900601
Rhinopoma_hardwickii	0.59	2.41517493551946	5.83306996916144	1.111	1.234321
Rhinopoma_microphyllum	0.7	2.56167523073907	6.56217998778205	1.468	2.155024
Rhogeessa_parvula	0.21	2.02540404611476	4.10226155001805	0.653	0.426409
Rhynchonycteris_naso	0.15	2.04732050651951	4.19152125641528	0.58	0.3364
Saccopteryx_bilineata	0.43	2.33483311530367	5.45144567631863	0.924	0.853776
Saccopteryx_canescens	0.21	2.08934484317686	4.36536187370975	0.531	0.281961
Saccopteryx_leptura	0.23	2.18322541361085	4.76647320663625	0.708	0.501264
Scotomanes_ornatus	0.78	2.55494722650546	6.52775533022796	1.338	1.790244
Scotophilus_dinganii	0.65	2.6152095371468	6.83932092318357	1.386	1.920996
Scotophilus_kuhlii	0.61	2.50605597481635	6.28031654891271	1.31	1.7161
Sphaeronycteris_toxophyllum	0.82	2.69540272673135	7.26519585927081	1.265	1.600225
Sturnira_lilium	0.95	2.7664442150746	7.6532135951197	1.305	1.703025
Sturnira_ludovici	0.94	2.79971581818209	7.83840866257902	1.413	1.996569
Sturnira_tildae	0.95	2.82056767486967	7.95560200851967	1.387	1.923769
Tadarida_aegyptiaca	0.75	2.56759514736225	6.59254484075817	1.248	1.557504
Taphozous_australis	0.83	2.68911434548403	7.23133596308799	1.38	1.9044
Taphozous_hildegardeae	0.8	2.71134274302204	7.3513794701383	1.438	2.067844
Taphozous_mauritianus	0.8	2.71797961523504	7.3874131888332	1.462	2.137444
Taphozous_melanopogon	0.75	2.70480831622297	7.31598802750896	1.356	1.838736
Tonatia_bidens	0.91	2.87212442061372	8.24909868748569	1.468	2.155024
Lophostoma_schulzi	0.56	2.67681030271887	7.1653133967419	1.328	1.763584
Trachops_cirrhosus	0.94	2.97719852358353	8.86371104882793	1.567	2.455489
Triaenops_persicus	0.42	2.41026109600416	5.80935855091118	1.137	1.292769
Tylonycteris_pachypus	0.06	1.87843900376487	3.52853309086516	0.681	0.463761
Tylonycteris_robustula	0.16	2.03440793493338	4.1388156457199	0.857	0.734449
Uroderma_bilobatum	0.93	2.76341624316696	7.636469332999	1.21	1.4641
Vampyressa_pusilla	0.72	2.55572901399533	6.53175079297756	0.934	0.872356
Vampyrum_spectrum	1.3	3.38883839645361	11.4842256772783	2.238	5.008644
Alouatta_seniculus	2.301	4.69064476860801	22.0021483452696	3.806	14.485636
Aotus_trivirgatus	1.923	4.20956514451613	17.7204387059251	2.919	8.520561
Ateles_geoffroyi	2.511	5.00423671459412	25.0423850956918	3.903	15.233409
Avahi_laniger	1.843	3.99079117597203	15.9264142102162	3.109	9.665881
Plecturocebus_moloch	1.937	4.24999973790912	18.0624977722276	2.954	8.726116
Callimico_goeldii	1.803	4.02141427425862	16.171772765211	2.681	7.187761
Callithrix_jacchus	1.697	3.86010428447601	14.9004050870301	2.447	5.987809
Cebuella_pygmaea	1.465	3.63358773263483	13.2029598107543	2.146	4.605316
Cebus_albifrons	2.241	4.8258408678735	23.2887400820381	3.491	12.187081
Cercopithecus_ascanius	2.4	4.80297404128273	23.0685596412358	3.531	12.467961
Cercopithecus_mitis_mitis	2.391	4.84835244065239	23.5065213887799	3.799	14.432401
Cheirogaleus_major	1.77	3.80396492768725	14.4701491710746	2.653	7.038409
Cheirogaleus_medius	1.512	3.4708780230274	12.0469942507346	2.248	5.053504
Daubentonia_madagascariensis	2.405	4.6294722319675	21.4320131465581	3.447	11.881809
Erythrocebus_patas	2.519	5.01330305301563	25.1332075013758	3.892	15.147664
Eulemur_fulvus_fulvus	2.076	4.34468914865517	18.876323798442	3.146	9.897316
Galago_senegalensis	1.553	3.65384583826705	13.3505894098214	2.27	5.1529
Galagoides_demidoff	1.41	3.50526524207999	12.2868844173341	1.908	3.640464
Gorilla_gorilla	3.069	5.67214160105073	32.1731903423703	5.021	25.210441
Homo_sapiens	3.417	6.09769523952942	37.1818872341798	4.813	23.164969
Hylobates_lar	2.48	4.98887970833346	24.8889207442213	3.756	14.107536
Indri_indri	2.312	4.55944787748954	20.7885649475439	3.796	14.409616
Lagothrix_lagotricha	2.425	4.980177796679	24.8021708865345	3.716	13.808656
Lepilemur_mustelinus	1.754	3.85550540645094	14.8649219391724	2.961	8.767521
Lophocebus_albigena	2.468	4.9893093148895	24.8932074396431	3.898	15.194404
Loris_tardigradus_tardigradus	1.614	3.79701647977618	14.4173341476919	2.508	6.290064
Macaca_mulatta	2.433	4.94427327976376	24.4458382649859	3.892	15.147664
Microcebus_murinus	1.185	3.22499777943092	10.4006106773343	1.732	2.999824
Miopithecus_talapoin	2.124	4.57720824492106	20.9508353173733	3.079	9.480241
Nasalis_larvatus	2.522	4.97211427746941	24.7219203882152	4.146	17.189316
Nycticebus_coucang	1.964	4.07016900764897	16.5662757508262	2.903	8.427409
Otolemur_crassicaudatus	1.845	3.98509131950917	15.8809528248273	2.929	8.579041
Pan_troglodytes	2.93	5.58232825551133	31.1623887522802	4.663	21.743569
Papio_cynocephalus	2.747	5.28121407692444	27.8912221263048	4.398	19.342404
Perodicticus_potto	2.057	4.12079897970986	16.9809842311778	3.061	9.369721
Pithecia_monachus	2.146	4.51688705271499	20.4022686469843	3.176	10.086976
Piliocolobus_badius	2.459	4.86832778778568	23.7006154493262	3.845	14.784025
Propithecus_verreauxi	2.201	4.40135338583513	19.3719116270023	3.542	12.545764
Pygathrix_nemaeus	2.462	4.86047259819674	23.6241938778213	3.875	15.015625
Saguinus_midas	1.612	3.98108200720884	15.8490139481219	2.531	6.405961
Saguinus_oedipus	1.782	3.97903342592802	15.8327070046525	2.58	6.6564
Saimiri_sciureus_sciureus	1.957	4.35321967494396	18.9505215383192	2.82	7.9524
Tarsius_tarsier	1.367	3.53020840861181	12.4623714082335	2.097	4.397409
Varecia_variegata	2.314	4.47260429620756	20.0041891904543	3.477	12.089529
